{"transform": [1.000000000000000, 0.000000000000000, 0.000000000000000, 0.000000000000000, 0.000000000000000, 1.000000000000000, 0.000000000000000, 0.000000000000000, 0.000000000000000, 0.000000000000000, 1.000000000000000, 0.000000000000000, 0.000000000000000, 0.000000000000000, 0.000000000000000, 1.000000000000000], "position_delta": 0.000000000000000}
{"transform": [0.999996089908256, -0.001775523199284, 0.002160482716521, -0.334510497883137, 0.001776972139470, 0.999998197455650, -0.000668921121586, -0.807963034139484, -0.002159291137186, 0.000672757623638, 0.999997442426212, -0.270612894137722, 0.000000000000000, 0.000000000000000, 0.000000000000000, 1.000000000000000], "position_delta": 0.000000000000000}
{"transform": [0.999910457896463, -0.010254534867136, 0.008597715042084, -0.286912383632052, 0.010255635750912, 0.999947406059630, -0.000083964049636, -0.704652772425610, -0.008596401842097, 0.000172131565080, 0.999963035439857, -0.117200459337596, 0.000000000000000, 0.000000000000000, 0.000000000000000, 1.000000000000000], "position_delta": 0.190981584994342}
{"transform": [0.999662772470635, -0.020327826093674, 0.016159233355211, -0.328774878204921, 0.020386616696737, 0.999786108502125, -0.003481825072819, -0.495405130345905, -0.016084999098015, 0.003810083002078, 0.999863368701711, 0.084805945776437, 0.000000000000000, 0.000000000000000, 0.000000000000000, 1.000000000000000], "position_delta": 0.365339676092771}
{"transform": [0.999662550993426, -0.019011365739555, 0.017701754546740, -0.312349820216142, 0.019082955061383, 0.999810359371900, -0.003884085318097, -0.267804418057515, -0.017624555808343, 0.004220576423888, 0.999835767397431, 0.187766538525883, 0.000000000000000, 0.000000000000000, 0.000000000000000, 1.000000000000000], "position_delta": 0.402545181455585}
{"transform": [0.999733542175846, -0.016506807454596, 0.016135983273185, -0.303467915214803, 0.016573182193593, 0.999854700503741, -0.003988422313584, -0.126462961055418, -0.016067802603765, 0.004254784157911, 0.999861851723155, 0.239547482197787, 0.000000000000000, 0.000000000000000, 0.000000000000000, 1.000000000000000], "position_delta": 0.333158801614756}
{"transform": [0.999681114117446, -0.018109053724512, 0.017599211633024, -0.307621740921421, 0.018160341553415, 0.999831281372500, -0.002758764884568, 0.049235539735319, -0.017546283696684, 0.003077492847719, 0.999841315892781, 0.380580748586668, 0.000000000000000, 0.000000000000000, 0.000000000000000, 1.000000000000000], "position_delta": 0.408914714924393}
{"transform": [0.999648890421636, -0.019262641084609, 0.018194684312681, -0.363387311588178, 0.019270892688678, 0.999814260377580, -0.000278281538534, 0.184380974212761, -0.018185944401490, 0.000628811640115, 0.999834424303418, 0.409357565461100, 0.000000000000000, 0.000000000000000, 0.000000000000000, 1.000000000000000], "position_delta": 0.392949760812368}
{"transform": [0.999664090404918, -0.020433991040651, 0.015942345030116, -0.358462994834870, 0.020346283413240, 0.999777059332430, 0.005644500320349, 0.213444845094963, -0.016054130502048, -0.005318236808277, 0.999856980398234, 0.291737326149683, 0.000000000000000, 0.000000000000000, 0.000000000000000, 1.000000000000000], "position_delta": 0.311801127773108}
{"transform": [0.999231577953979, -0.032707025018426, 0.021598706767885, -0.377351344616569, 0.032472720562304, 0.999410857985801, 0.011111226726529, 0.131936967767467, -0.021949397232806, -0.010401319845573, 0.999704974733339, 0.159763848746183, 0.000000000000000, 0.000000000000000, 0.000000000000000, 1.000000000000000], "position_delta": 0.227650097369816}
{"transform": [0.999231577953979, -0.032707025018426, 0.021598706767885, -0.377351344616569, 0.032472720562304, 0.999410857985801, 0.011111226726529, 0.131936967767467, -0.021949397232806, -0.010401319845573, 0.999704974733339, 0.159763848746183, 0.000000000000000, 0.000000000000000, 0.000000000000000, 1.000000000000000], "position_delta": 0.227650097369816}
{"transform": [0.999231577953979, -0.032707025018426, 0.021598706767885, -0.377351344616569, 0.032472720562304, 0.999410857985801, 0.011111226726529, 0.131936967767467, -0.021949397232806, -0.010401319845573, 0.999704974733339, 0.159763848746183, 0.000000000000000, 0.000000000000000, 0.000000000000000, 1.000000000000000], "position_delta": 0.227650097369816}
{"transform": [0.999231577953979, -0.032707025018426, 0.021598706767885, -0.377351344616569, 0.032472720562304, 0.999410857985801, 0.011111226726529, 0.131936967767467, -0.021949397232806, -0.010401319845573, 0.999704974733339, 0.159763848746183, 0.000000000000000, 0.000000000000000, 0.000000000000000, 1.000000000000000], "position_delta": 0.227650097369816}
{"transform": [0.999065045500868, -0.036406286841352, 0.023315598572082, -0.360922565098543, 0.036091163730463, 0.999253259294276, 0.013796800003867, 0.120501010608108, -0.023800478123983, -0.012942413538091, 0.999632948222936, 0.012073068000359, 0.000000000000000, 0.000000000000000, 0.000000000000000, 1.000000000000000], "position_delta": 0.302803846295884}
{"transform": [0.999100424593788, -0.036275880122098, 0.021963654019320, -0.322347485626414, 0.035864338343806, 0.999178874088131, 0.018850114353376, 0.164429690319372, -0.022629423582457, -0.018045445335084, 0.999581047785013, -0.101840461810773, 0.000000000000000, 0.000000000000000, 0.000000000000000, 1.000000000000000], "position_delta": 0.263656662770293}
{"transform": [0.999047703839256, -0.037686401447974, 0.021986827861505, -0.296865035348386, 0.037259866117942, 0.999115390898078, 0.019497129210582, 0.153772432975308, -0.022702154751970, -0.018659335906812, 0.999568127419604, -0.189698951895168, 0.000000000000000, 0.000000000000000, 0.000000000000000, 1.000000000000000], "position_delta": 0.278050074988213}
{"transform": [0.998780277197502, -0.041685903510846, 0.026462111211427, -0.312272116542092, 0.041175833817097, 0.998960898173445, 0.019536494823023, 0.098324620903871, -0.027249010821465, -0.018423066221115, 0.999458894622617, -0.130112308048429, 0.000000000000000, 0.000000000000000, 0.000000000000000, 1.000000000000000], "position_delta": 0.319923833569877}
{"transform": [0.998515207870495, -0.043470397481212, 0.032828405294319, -0.285602462577194, 0.042769948761136, 0.998848258210069, 0.021746000866390, 0.054140186508152, -0.033735902749334, -0.020309643363107, 0.999224402850606, -0.042554579584358, 0.000000000000000, 0.000000000000000, 0.000000000000000, 1.000000000000000], "position_delta": 0.351737501047784}
{"transform": [0.997901270889494, -0.052490194183265, 0.037918769385832, -0.295248476699213, 0.051562575249699, 0.998355769572023, 0.025041130083802, -0.062761029686183, -0.039170835972084, -0.023033386135302, 0.998967020843226, 0.109595242245801, 0.000000000000000, 0.000000000000000, 0.000000000000000, 1.000000000000000], "position_delta": 0.304449000564457}
{"transform": [0.997901270889494, -0.052490194183265, 0.037918769385832, -0.295248476699213, 0.051562575249699, 0.998355769572023, 0.025041130083802, -0.062761029686183, -0.039170835972084, -0.023033386135302, 0.998967020843226, 0.109595242245801, 0.000000000000000, 0.000000000000000, 0.000000000000000, 1.000000000000000], "position_delta": 0.304449000564457}
{"transform": [0.997489244450537, -0.052440764138670, 0.047593838488292, -0.281941077712236, 0.051726895079263, 0.998531323868925, 0.016109735504661, -0.208102944999870, -0.048368745393654, -0.013607406406939, 0.998736853710686, 0.138965682479737, 0.000000000000000, 0.000000000000000, 0.000000000000000, 1.000000000000000], "position_delta": 0.374178450267997}
{"transform": [0.997484662062789, -0.050159519203098, 0.050083645861675, -0.203350256803844, 0.049208454469252, 0.998587342881130, 0.020046112998558, -0.297361935058039, -0.051018398232708, -0.017531151443001, 0.998543830670868, 0.127655984380578, 0.000000000000000, 0.000000000000000, 0.000000000000000, 1.000000000000000], "position_delta": 0.367785735889674}
{"transform": [0.997484662062789, -0.050159519203098, 0.050083645861675, -0.203350256803844, 0.049208454469252, 0.998587342881130, 0.020046112998558, -0.297361935058039, -0.051018398232708, -0.017531151443001, 0.998543830670868, 0.127655984380578, 0.000000000000000, 0.000000000000000, 0.000000000000000, 1.000000000000000], "position_delta": 0.367785735889674}
{"transform": [0.998720512335228, -0.033636555018146, 0.037761361301891, -0.053746455736580, 0.033379074283113, 0.999415155111271, 0.007428669727245, -0.187297997607896, -0.037989151620734, -0.006158725552036, 0.999259172816898, 0.091266515230043, 0.000000000000000, 0.000000000000000, 0.000000000000000, 1.000000000000000], "position_delta": 0.440570121085833}
{"transform": [0.999405294854802, -0.020772327616288, 0.027523935430588, -0.098350261721427, 0.020412601567304, 0.999703350096248, 0.013286741646995, -0.207137402518422, -0.027791767008236, -0.012717004825866, 0.999532838617531, 0.012406037469421, 0.000000000000000, 0.000000000000000, 0.000000000000000, 1.000000000000000], "position_delta": 0.588050443325220}
{"transform": [0.999514506673219, -0.012481217095278, 0.028547682385998, -0.154465921451853, 0.011924151123549, 0.999736768603293, 0.019601227579637, -0.224358163976497, -0.028784814916446, -0.019251304435453, 0.999400230992449, -0.071707377851675, 0.000000000000000, 0.000000000000000, 0.000000000000000, 1.000000000000000], "position_delta": 0.585602257997920}
{"transform": [0.999677865474196, -0.014379349738274, 0.020914100077706, -0.222801032014502, 0.013864455171888, 0.999602223426304, 0.024559556265853, -0.141254095313435, -0.021258931387599, -0.024261682181854, 0.999479578887915, -0.175786990578222, 0.000000000000000, 0.000000000000000, 0.000000000000000, 1.000000000000000], "position_delta": 0.603826827677280}
{"transform": [0.999501186857608, -0.017904206603541, 0.026015704029104, -0.355597594055428, 0.017417193469851, 0.999671028889586, 0.018827516311760, -0.075315083208476, -0.026344237355938, -0.018365004348856, 0.999484220872646, -0.115053015401080, 0.000000000000000, 0.000000000000000, 0.000000000000000, 1.000000000000000], "position_delta": 0.645365387042554}
{"transform": [0.998697767930928, -0.028882622876585, 0.042054279515305, -0.549272453559507, 0.027709407566301, 0.999217650224169, 0.028218366586602, -0.136099878210284, -0.042836398799468, -0.027016320553699, 0.998716757324935, -0.140753848985867, 0.000000000000000, 0.000000000000000, 0.000000000000000, 1.000000000000000], "position_delta": 0.502633373225716}
{"transform": [0.998697767930928, -0.028882622876585, 0.042054279515305, -0.549272453559507, 0.027709407566301, 0.999217650224169, 0.028218366586602, -0.136099878210284, -0.042836398799468, -0.027016320553699, 0.998716757324935, -0.140753848985867, 0.000000000000000, 0.000000000000000, 0.000000000000000, 1.000000000000000], "position_delta": 0.502633373225716}
{"transform": [0.998697767930928, -0.028882622876585, 0.042054279515305, -0.549272453559507, 0.027709407566301, 0.999217650224169, 0.028218366586602, -0.136099878210284, -0.042836398799468, -0.027016320553699, 0.998716757324935, -0.140753848985867, 0.000000000000000, 0.000000000000000, 0.000000000000000, 1.000000000000000], "position_delta": 0.502633373225716}
{"transform": [0.998485874441961, -0.029376877340852, 0.046507608168696, -0.555071454402471, 0.028831092973362, 0.999507839300117, 0.012363141007583, -0.035500112033045, -0.046847909428637, -0.011003556484725, 0.998841426417053, -0.175892876949446, 0.000000000000000, 0.000000000000000, 0.000000000000000, 1.000000000000000], "position_delta": 0.368148382505371}
{"transform": [0.998485874441961, -0.029376877340852, 0.046507608168696, -0.555071454402471, 0.028831092973362, 0.999507839300117, 0.012363141007583, -0.035500112033045, -0.046847909428637, -0.011003556484725, 0.998841426417053, -0.175892876949446, 0.000000000000000, 0.000000000000000, 0.000000000000000, 1.000000000000000], "position_delta": 0.368148382505371}
{"transform": [0.998485874441961, -0.029376877340852, 0.046507608168696, -0.555071454402471, 0.028831092973362, 0.999507839300117, 0.012363141007583, -0.035500112033045, -0.046847909428637, -0.011003556484725, 0.998841426417053, -0.175892876949446, 0.000000000000000, 0.000000000000000, 0.000000000000000, 1.000000000000000], "position_delta": 0.368148382505371}
{"transform": [0.998485874441961, -0.029376877340852, 0.046507608168696, -0.555071454402471, 0.028831092973362, 0.999507839300117, 0.012363141007583, -0.035500112033045, -0.046847909428637, -0.011003556484725, 0.998841426417053, -0.175892876949446, 0.000000000000000, 0.000000000000000, 0.000000000000000, 1.000000000000000], "position_delta": 0.368148382505371}
{"transform": [0.998485874441961, -0.029376877340852, 0.046507608168696, -0.555071454402471, 0.028831092973362, 0.999507839300117, 0.012363141007583, -0.035500112033045, -0.046847909428637, -0.011003556484725, 0.998841426417053, -0.175892876949446, 0.000000000000000, 0.000000000000000, 0.000000000000000, 1.000000000000000], "position_delta": 0.368148382505371}
{"transform": [0.998485874441961, -0.029376877340852, 0.046507608168696, -0.555071454402471, 0.028831092973362, 0.999507839300117, 0.012363141007583, -0.035500112033045, -0.046847909428637, -0.011003556484725, 0.998841426417053, -0.175892876949446, 0.000000000000000, 0.000000000000000, 0.000000000000000, 1.000000000000000], "position_delta": 0.368148382505371}
{"transform": [0.998485874441961, -0.029376877340852, 0.046507608168696, -0.555071454402471, 0.028831092973362, 0.999507839300117, 0.012363141007583, -0.035500112033045, -0.046847909428637, -0.011003556484725, 0.998841426417053, -0.175892876949446, 0.000000000000000, 0.000000000000000, 0.000000000000000, 1.000000000000000], "position_delta": 0.368148382505371}
{"transform": [0.998485874441961, -0.029376877340852, 0.046507608168696, -0.555071454402471, 0.028831092973362, 0.999507839300117, 0.012363141007583, -0.035500112033045, -0.046847909428637, -0.011003556484725, 0.998841426417053, -0.175892876949446, 0.000000000000000, 0.000000000000000, 0.000000000000000, 1.000000000000000], "position_delta": 0.368148382505371}
{"transform": [0.998532158307633, -0.029479765358674, 0.045436463989817, -0.538629508312105, 0.029477737316619, 0.999565181492566, 0.000714807963916, 0.054050228573802, -0.045437779745414, 0.000625605411104, 0.998966974824332, -0.193423996508017, 0.000000000000000, 0.000000000000000, 0.000000000000000, 1.000000000000000], "position_delta": 0.383965832065986}
{"transform": [0.998532158307633, -0.029479765358674, 0.045436463989817, -0.538629508312105, 0.029477737316619, 0.999565181492566, 0.000714807963916, 0.054050228573802, -0.045437779745414, 0.000625605411104, 0.998966974824332, -0.193423996508017, 0.000000000000000, 0.000000000000000, 0.000000000000000, 1.000000000000000], "position_delta": 0.383965832065986}
{"transform": [0.998532158307633, -0.029479765358674, 0.045436463989817, -0.538629508312105, 0.029477737316619, 0.999565181492566, 0.000714807963916, 0.054050228573802, -0.045437779745414, 0.000625605411104, 0.998966974824332, -0.193423996508017, 0.000000000000000, 0.000000000000000, 0.000000000000000, 1.000000000000000], "position_delta": 0.383965832065986}
{"transform": [0.998532158307633, -0.029479765358674, 0.045436463989817, -0.538629508312105, 0.029477737316619, 0.999565181492566, 0.000714807963916, 0.054050228573802, -0.045437779745414, 0.000625605411104, 0.998966974824332, -0.193423996508017, 0.000000000000000, 0.000000000000000, 0.000000000000000, 1.000000000000000], "position_delta": 0.383965832065986}
{"transform": [0.998532158307633, -0.029479765358674, 0.045436463989817, -0.538629508312105, 0.029477737316619, 0.999565181492566, 0.000714807963916, 0.054050228573802, -0.045437779745414, 0.000625605411104, 0.998966974824332, -0.193423996508017, 0.000000000000000, 0.000000000000000, 0.000000000000000, 1.000000000000000], "position_delta": 0.383965832065986}
{"transform": [0.998532158307633, -0.029479765358674, 0.045436463989817, -0.538629508312105, 0.029477737316619, 0.999565181492566, 0.000714807963916, 0.054050228573802, -0.045437779745414, 0.000625605411104, 0.998966974824332, -0.193423996508017, 0.000000000000000, 0.000000000000000, 0.000000000000000, 1.000000000000000], "position_delta": 0.383965832065986}
{"transform": [0.998430087653974, -0.029930837322694, 0.047344535528823, -0.501757410212066, 0.030260275439678, 0.999522470112110, -0.006256794011369, 0.085823623509089, -0.047134656014364, 0.007679630078869, 0.998859022827676, 0.034572056876104, 0.000000000000000, 0.000000000000000, 0.000000000000000, 1.000000000000000], "position_delta": 0.398308179569318}
{"transform": [0.998959807870227, -0.025928030117315, 0.037510525377752, -0.432489215841427, 0.026326872009376, 0.999601571270785, -0.010178139475302, 0.117343242923060, -0.037231680999939, 0.011155087055349, 0.999244397513795, 0.135100291594785, 0.000000000000000, 0.000000000000000, 0.000000000000000, 1.000000000000000], "position_delta": 0.322664274187874}
{"transform": [0.999199191501216, -0.022607636593153, 0.033013186319826, -0.420872507180094, 0.023053448894609, 0.999647266345066, -0.013186409022220, 0.112339090947848, -0.032703427914812, 0.013936917037479, 0.999367924313219, 0.230485367512903, 0.000000000000000, 0.000000000000000, 0.000000000000000, 1.000000000000000], "position_delta": 0.357013835615117}
{"transform": [0.999204125126056, -0.024405490933098, 0.031551360404690, -0.386121276260609, 0.024805120980578, 0.999616175978394, -0.012337207766417, 0.078221548213263, -0.031238154622369, 0.013110024204681, 0.999425987735531, 0.369334463441892, 0.000000000000000, 0.000000000000000, 0.000000000000000, 1.000000000000000], "position_delta": 0.358839929632180}
{"transform": [0.999314807383987, -0.024378863517470, 0.027849358281676, -0.226000181843182, 0.024868733134539, 0.999539615184956, -0.017381133110175, 0.086906524751679, -0.027412804588143, 0.018061801945185, 0.999461009472158, 0.455345736923725, 0.000000000000000, 0.000000000000000, 0.000000000000000, 1.000000000000000], "position_delta": 0.445499046174020}
{"transform": [0.999425727470078, -0.025710100864249, 0.022072743020656, -0.095684168128229, 0.025941305051083, 0.999610887052032, -0.010252959538406, 0.031814372776413, -0.021800549606660, 0.010819667305406, 0.999703791548401, 0.239955459866906, 0.000000000000000, 0.000000000000000, 0.000000000000000, 1.000000000000000], "position_delta": 0.487247580460797}
{"transform": [0.999334559291088, -0.025670549993228, 0.025912573579853, -0.115777029388301, 0.025882082541686, 0.999634093130238, -0.007861148452458, 0.085074493351777, -0.025701291986814, 0.008526588692520, 0.999633303204469, 0.108805344822219, 0.000000000000000, 0.000000000000000, 0.000000000000000, 1.000000000000000], "position_delta": 0.648762089540950}
{"transform": [0.999480437150646, -0.024844189738082, 0.020533435889083, -0.065099858723293, 0.024987684808510, 0.999664892368999, -0.006761551063729, 0.120490615273359, -0.020358569720475, 0.007271121037024, 0.999766302411619, 0.051559809134060, 0.000000000000000, 0.000000000000000, 0.000000000000000, 1.000000000000000], "position_delta": 0.637605574167785}
{"transform": [0.999741732980745, -0.020108871932560, 0.010587757376150, -0.076364317071931, 0.020163436136542, 0.999783830783133, -0.005072233016170, 0.130372423398603, -0.010483471744795, 0.005284408595351, 0.999931083548248, -0.010380274590772, 0.000000000000000, 0.000000000000000, 0.000000000000000, 1.000000000000000], "position_delta": 0.596655724749514}
{"transform": [0.999863707179647, -0.015484151859100, 0.005727836081659, -0.228704557572670, 0.015491234095021, 0.999879290533891, -0.001194163998866, 0.128174972794582, -0.005708654060921, 0.001282732492485, 0.999982882786583, -0.063017725771572, 0.000000000000000, 0.000000000000000, 0.000000000000000, 1.000000000000000], "position_delta": 0.484178417673983}
{"transform": [0.999919322365174, -0.011626837950725, 0.005115212609406, -0.403077242559980, 0.011653336419908, 0.999918673199742, -0.005181383671469, 0.186918721880947, -0.005054553497223, 0.005240574943086, 0.999973493580310, 0.047571999482705, 0.000000000000000, 0.000000000000000, 0.000000000000000, 1.000000000000000], "position_delta": 0.321460730432817}
{"transform": [0.999945693102951, -0.010294111374196, -0.001625458665935, -0.396000874447495, 0.010278633028033, 0.999904298534190, -0.009259777315041, 0.061781981173557, 0.001720624286139, 0.009242566952138, 0.999955806227556, 0.098284708315671, 0.000000000000000, 0.000000000000000, 0.000000000000000, 1.000000000000000], "position_delta": 0.218267063772898}
{"transform": [0.999952534385510, -0.009729343497096, 0.000518508544459, -0.350864573456365, 0.009732397488143, 0.999933076866739, -0.006254776330835, -0.040904047931295, -0.000457618976823, 0.006259525775289, 0.999980304267009, 0.085327282674199, 0.000000000000000, 0.000000000000000, 0.000000000000000, 1.000000000000000], "position_delta": 0.210565081196507}
{"transform": [0.999931124983674, -0.010195461915844, 0.005813591420614, -0.306051398967003, 0.010216775685707, 0.999941151750414, -0.003648359993629, -0.133763127384010, -0.005776052585564, 0.003707504872247, 0.999976445534669, 0.048139978030214, 0.000000000000000, 0.000000000000000, 0.000000000000000, 1.000000000000000], "position_delta": 0.212711971511665}
{"transform": [0.999971920704786, -0.006993208275064, -0.002693109727034, -0.216023786835823, 0.006983318498709, 0.999968902559558, -0.003664311201195, -0.108174476817017, 0.002718651269629, 0.003645401466943, 0.999989659938251, -0.022998570706228, 0.000000000000000, 0.000000000000000, 0.000000000000000, 1.000000000000000], "position_delta": 0.336396537536586}
{"transform": [0.999898189095678, -0.002662984210557, -0.014018557639031, -0.108232241144963, 0.002669197728831, 0.999996347566369, 0.000424543763045, -0.075757026776444, 0.014017375883842, -0.000461918842073, 0.999901645065311, -0.064121629703029, 0.000000000000000, 0.000000000000000, 0.000000000000000, 1.000000000000000], "position_delta": 0.344497999342564}
{"transform": [0.999898189095678, -0.002662984210557, -0.014018557639031, -0.108232241144963, 0.002669197728831, 0.999996347566369, 0.000424543763045, -0.075757026776444, 0.014017375883842, -0.000461918842073, 0.999901645065311, -0.064121629703029, 0.000000000000000, 0.000000000000000, 0.000000000000000, 1.000000000000000], "position_delta": 0.344497999342564}
{"transform": [0.999846912053039, 0.011480458998378, -0.013204223536030, 0.028178407361137, -0.011483380574355, 0.999934053231260, -0.000145461638839, -0.044794090604887, 0.013201682793774, 0.000297068494468, 0.999912809859801, -0.121142039959884, 0.000000000000000, 0.000000000000000, 0.000000000000000, 1.000000000000000], "position_delta": 0.357238515213449}
{"transform": [0.999846912053039, 0.011480458998378, -0.013204223536030, 0.028178407361137, -0.011483380574355, 0.999934053231260, -0.000145461638839, -0.044794090604887, 0.013201682793774, 0.000297068494468, 0.999912809859801, -0.121142039959884, 0.000000000000000, 0.000000000000000, 0.000000000000000, 1.000000000000000], "position_delta": 0.357238515213449}
{"transform": [0.999846912053039, 0.011480458998378, -0.013204223536030, 0.028178407361137, -0.011483380574355, 0.999934053231260, -0.000145461638839, -0.044794090604887, 0.013201682793774, 0.000297068494468, 0.999912809859801, -0.121142039959884, 0.000000000000000, 0.000000000000000, 0.000000000000000, 1.000000000000000], "position_delta": 0.357238515213449}
{"transform": [0.999369083896309, 0.026537864200821, -0.023604574046389, 0.121170395949560, -0.026503177195136, 0.999647142228778, 0.001781188479763, 0.045274676852163, 0.023643513926993, -0.001154468490701, 0.999719786466032, -0.130514698632891, 0.000000000000000, 0.000000000000000, 0.000000000000000, 1.000000000000000], "position_delta": 0.371241882509297}
{"transform": [0.998839785202588, 0.036223102252057, -0.031732796279003, 0.229487988373146, -0.036133951489460, 0.999341244399804, 0.003378578282099, 0.185667728527817, 0.031834274708323, -0.002228027084212, 0.999490677719961, -0.118626508803995, 0.000000000000000, 0.000000000000000, 0.000000000000000, 1.000000000000000], "position_delta": 0.385045752497695}
{"transform": [0.999001737453383, 0.036258040439767, -0.026093736194528, 0.250210803599903, -0.036064573801092, 0.999318651438897, 0.007847254480988, 0.212232934811892, 0.026360483335231, -0.006898361386012, 0.999628699832353, -0.046898243982280, 0.000000000000000, 0.000000000000000, 0.000000000000000, 1.000000000000000], "position_delta": 0.301194672392139}
{"transform": [0.999315242518351, 0.034348335722466, -0.013756376833562, 0.201757560288651, -0.034235135490298, 0.999378658794721, 0.008381637287850, 0.221686563916253, 0.014035724721267, -0.007904946474256, 0.999870246708436, 0.045908556458241, 0.000000000000000, 0.000000000000000, 0.000000000000000, 1.000000000000000], "position_delta": 0.359168698525915}