{"transform": [1.000000000000000, 0.000000000000000, 0.000000000000000, 0.000000000000000, 0.000000000000000, 1.000000000000000, 0.000000000000000, 0.000000000000000, 0.000000000000000, 0.000000000000000, 1.000000000000000, 0.000000000000000, 0.000000000000000, 0.000000000000000, 0.000000000000000, 1.000000000000000], "position_delta": 0.000000000000000}
{"transform": [0.999995442460159, -0.002737958031813, 0.001272259692818, -0.325828325558237, 0.002741968742405, 0.999991243372795, -0.003161453011936, 0.033338747613057, -0.001263592626448, 0.003164927099798, 0.999994193268205, 0.944840954960944, 0.000000000000000, 0.000000000000000, 0.000000000000000, 1.000000000000000], "position_delta": 0.000000000000000}
{"transform": [-0.253655173392131, -0.012882763009233, -0.967208916123428, -0.606690612641537, -0.028719874731903, -0.999370169471057, 0.020843060398485, 0.000155579960102, -0.966868254627688, 0.033065069010045, 0.253125422280279, 0.794938033011072, 0.000000000000000, 0.000000000000000, 0.000000000000000, 1.000000000000000], "position_delta": 0.320086914650155}
{"transform": [0.998910328629583, -0.040311791870195, 0.023518392660889, -0.449718389451218, 0.040636974372572, 0.999082549838469, -0.013516468551616, -0.010348922194400, -0.022951942640671, 0.014457456362651, 0.999632027440368, 0.893110446696721, 0.000000000000000, 0.000000000000000, 0.000000000000000, 1.000000000000000], "position_delta": 0.185441220411460}
{"transform": [0.999660019872129, -0.014147934365933, 0.021901612324919, -0.271515127659025, 0.014346631341349, 0.999857098437240, -0.008941860758153, 0.708106419514517, -0.021771973691175, 0.009253035060996, 0.999720142091651, 0.651816564759315, 0.000000000000000, 0.000000000000000, 0.000000000000000, 1.000000000000000], "position_delta": 0.778560991832930}
{"transform": [0.999913781676177, -0.006498150298753, 0.011410664167402, -0.389149811551244, 0.006630915761414, 0.999910311086936, -0.011636182285963, 0.738975367486222, -0.011334027095937, 0.011710842186707, 0.999867189183177, 0.549979845465480, 0.000000000000000, 0.000000000000000, 0.000000000000000, 1.000000000000000], "position_delta": 0.158623857599774}
{"transform": [0.999858296974525, -0.007336733160697, 0.015151182057229, -0.694374666643293, 0.007318746061897, 0.999972445966971, 0.001242281334966, 0.176900143465736, -0.015159878867724, -0.001131217645928, 0.999884442532913, 0.697531477114702, 0.000000000000000, 0.000000000000000, 0.000000000000000, 1.000000000000000], "position_delta": 0.656400985393828}
{"transform": [0.999455005659911, -0.024935524464043, 0.021631257038171, -0.915232463473926, 0.024710123386676, 0.999638187326365, 0.010625640737156, 0.163665333170197, -0.021888386499776, -0.010085338792672, 0.999709550058352, 0.368189077135291, 0.000000000000000, 0.000000000000000, 0.000000000000000, 1.000000000000000], "position_delta": 0.396761569520838}
{"transform": [0.998673299549271, -0.046237469046313, 0.022665772070732, -0.932378470979221, 0.046045154784851, 0.998899401135027, 0.008934771005626, 0.296621619451440, -0.023053947345526, -0.007879268257591, 0.999703172268406, -0.206605909229274, 0.000000000000000, 0.000000000000000, 0.000000000000000, 1.000000000000000], "position_delta": 0.590220836623812}
{"transform": [0.996962324931140, -0.077361657303208, -0.009016465338311, -0.695257085508255, 0.077624782566417, 0.996407753716254, 0.033852348007866, -0.128616194082594, 0.006365202228713, -0.034449416735705, 0.999386172551510, -0.707160137218067, 0.000000000000000, 0.000000000000000, 0.000000000000000, 1.000000000000000], "position_delta": 0.698289542141605}
{"transform": [0.990590030610285, -0.135469879847779, -0.019475700489133, 0.210710671954232, 0.134184024121498, 0.989334685938005, -0.056670335013211, -0.102649338343722, 0.026945109502012, 0.053523741031215, 0.998202970452376, -0.972144087089045, 0.000000000000000, 0.000000000000000, 0.000000000000000, 1.000000000000000], "position_delta": 0.944281922334530}
{"transform": [0.992406087860330, -0.122941992266686, 0.003927252888839, 0.476710517648700, 0.122765994136681, 0.987987091370392, -0.093861695963292, -0.034666348791579, 0.007659468740537, 0.093631051595991, 0.995577500105161, 0.878376528958151, 0.000000000000000, 0.000000000000000, 0.000000000000000, 1.000000000000000], "position_delta": 1.870776350928571}
{"transform": [0.992203555279885, -0.102173011997834, 0.071363719838913, -0.103585749129994, 0.109414593654712, 0.988298703053516, -0.106273798455275, -0.050115863682852, -0.059670357677246, 0.113253473068285, 0.991772705438419, 0.993357132548259, 0.000000000000000, 0.000000000000000, 0.000000000000000, 1.000000000000000], "position_delta": 0.591779506192645}
{"transform": [0.997722418421342, -0.064845833483785, 0.018574004933276, -0.324338067008463, 0.063146722805717, 0.994727049179270, 0.080812059929192, -0.737266648286925, -0.023716390500369, -0.079455116329251, 0.996556279048373, -0.592657327308941, 0.000000000000000, 0.000000000000000, 0.000000000000000, 1.000000000000000], "position_delta": 1.742512454333350}
{"transform": [0.999848966011591, -0.013905565517075, 0.010424989841814, -0.461566852837401, 0.013751657061238, 0.999797490330293, 0.014692523858012, 0.844864045400197, -0.010627186533683, -0.014546943902362, 0.999837711495961, -0.270482504335845, 0.000000000000000, 0.000000000000000, 0.000000000000000, 1.000000000000000], "position_delta": 1.620421515570787}
{"transform": [0.998175221279224, -0.048671696150998, 0.035739244787178, -0.593383475499701, 0.045503994454274, 0.995370920959310, 0.084652916059163, -0.636348704341006, -0.039694006006931, -0.082872164822691, 0.995769345875199, -0.492906053409185, 0.000000000000000, 0.000000000000000, 0.000000000000000, 1.000000000000000], "position_delta": 1.503608681535316}
{"transform": [0.995807953895087, -0.065147479827096, 0.064205333356799, -0.882029643893889, 0.063732818483020, 0.997682140133882, 0.023842715996443, -0.336658220681750, -0.065609807250822, -0.019650779375249, 0.997651843110840, 0.329674005253397, 0.000000000000000, 0.000000000000000, 0.000000000000000, 1.000000000000000], "position_delta": 0.921829132450206}
{"transform": [0.992783801266524, -0.103208518322903, 0.061060017101056, -0.437797891122535, 0.098166157574258, 0.991908447316608, 0.080504892081545, -0.763976436589291, -0.068874737385316, -0.073929925521038, 0.994882222508050, 0.473996846893510, 0.000000000000000, 0.000000000000000, 0.000000000000000, 1.000000000000000], "position_delta": 0.633065391911287}
{"transform": [0.994687842862143, -0.076709032053078, 0.068642695632797, -0.530245353741441, 0.073434402390994, 0.996094398055221, 0.049023858563807, -0.467038908169793, -0.072135177325175, -0.043722700791311, 0.996436070015422, 0.707611844934199, 0.000000000000000, 0.000000000000000, 0.000000000000000, 1.000000000000000], "position_delta": 0.388965803687298}
{"transform": [0.994392475844015, -0.070346982071670, 0.078961421581801, -0.292483921139418, 0.058431778216863, 0.987822002996056, 0.144199229163251, -0.942490677743000, -0.088143810215046, -0.138776772228888, 0.986393266507079, 0.161754376269860, 0.000000000000000, 0.000000000000000, 0.000000000000000, 1.000000000000000], "position_delta": 0.761935207297773}
{"transform": [0.999370198110756, 0.017289031597936, 0.030988651381973, 0.463836995191559, -0.015154577378771, 0.997581305074495, -0.067837147274470, 0.546551579474647, -0.032086537870869, 0.067324803395724, 0.997215034451040, 0.697234976794362, 0.000000000000000, 0.000000000000000, 0.000000000000000, 1.000000000000000], "position_delta": 1.753855081184770}
{"transform": [0.999557796916280, 0.029512809404547, -0.003633827861150, 0.631736875713803, -0.029678615269995, 0.997729463193554, -0.060457407082659, 0.746490496290831, 0.001841309188919, 0.060538519609862, 0.998164163464065, 0.208950852620493, 0.000000000000000, 0.000000000000000, 0.000000000000000, 1.000000000000000], "position_delta": 0.553703283589013}
{"transform": [0.994996035604544, 0.059464470677349, -0.080292377336229, 0.824486046708115, -0.067042560329630, 0.993193810894364, -0.095243630262487, 0.505212669671968, 0.074082280173389, 0.100150041079333, 0.992210554789718, 0.254917471324638, 0.000000000000000, 0.000000000000000, 0.000000000000000, 1.000000000000000], "position_delta": 0.312218132996802}
{"transform": [0.999900285992671, 0.013897802193625, -0.002503830258312, 0.581766950341771, -0.013958705567447, 0.999558813328152, -0.026217040963821, 0.811938364985976, 0.002138366352356, 0.026249376986973, 0.999653138642169, 0.047992780227188, 0.000000000000000, 0.000000000000000, 0.000000000000000, 1.000000000000000], "position_delta": 0.442505412048860}
{"transform": [0.999356898825898, -0.024975343517326, 0.025729768465260, -0.749372770463115, 0.023270071384035, 0.997641900283664, 0.064568897901249, -0.623341246277540, -0.027281725511159, -0.063928640018316, 0.997581493632747, -0.223352057473394, 0.000000000000000, 0.000000000000000, 0.000000000000000, 1.000000000000000], "position_delta": 1.976256192845456}
{"transform": [0.999452276544940, -0.021320657193015, 0.025309612521612, -0.913299859934252, 0.020359100718290, 0.999083194363227, 0.037660028663185, -0.390004810631706, -0.026089345087195, -0.037124120431699, 0.998970042471292, 0.117386598588608, 0.000000000000000, 0.000000000000000, 0.000000000000000, 1.000000000000000], "position_delta": 0.444320621395541}
{"transform": [0.995172974586057, -0.029642868400104, 0.093552397118154, -0.988566348331774, 0.027742381866904, 0.999382777035920, 0.021550526961604, -0.150466639825674, -0.094133473864983, -0.018851135694860, 0.995381094747697, -0.009816580135214, 0.000000000000000, 0.000000000000000, 0.000000000000000, 1.000000000000000], "position_delta": 0.281467987924451}
{"transform": [0.991538014188932, -0.039616994635317, 0.123623865634164, -0.962214495204326, 0.040978275592579, 0.999123989951633, -0.008487262962052, 0.038612731127219, -0.123179330034415, 0.013481336699069, 0.992292853049481, 0.269540947192781, 0.000000000000000, 0.000000000000000, 0.000000000000000, 1.000000000000000], "position_delta": 0.338357882659772}
{"transform": [0.996480793118924, -0.083598729550997, 0.006105846586578, -0.111129864379795, 0.083649561387645, 0.996458062276369, -0.008607032245745, -0.009012379860912, -0.005364683097269, 0.009087493707508, 0.999944317266408, 0.993765027686209, 0.000000000000000, 0.000000000000000, 0.000000000000000, 1.000000000000000], "position_delta": 1.118531948041230}
{"transform": [0.999748275514224, -0.021802730821041, -0.005294009357823, -0.431653083210521, 0.021959098903882, 0.999261415970267, 0.031534434011506, 0.378577367628038, 0.004602562510711, -0.031642747697407, 0.999488645726650, -0.818751972501243, 0.000000000000000, 0.000000000000000, 0.000000000000000, 1.000000000000000], "position_delta": 1.881004737404102}
{"transform": [0.998770554874565, -0.049127093239340, -0.006626267833872, -0.455950107978336, 0.049299642173194, 0.998361812520269, 0.029038536169009, 0.220463227906313, 0.005188833890961, -0.029329507515420, 0.999556329574154, -0.862267629089526, 0.000000000000000, 0.000000000000000, 0.000000000000000, 1.000000000000000], "position_delta": 0.165783108189038}
{"transform": [0.996743961410616, -0.002444477976271, 0.080594664332671, -0.840364471407557, 0.005467701101466, 0.999288701515884, -0.037312132977937, 0.444257995306197, -0.080446128782792, 0.037631310768053, 0.996048344616736, -0.310519546570609, 0.000000000000000, 0.000000000000000, 0.000000000000000, 1.000000000000000], "position_delta": 0.708720288470397}
{"transform": [0.999816213641124, -0.019144162480734, 0.001019795684053, 0.375711195360932, 0.019171296529898, 0.998450610972099, -0.052238289011079, 0.245355258137620, -0.000018157331266, 0.052248239131607, 0.998634127785526, 0.893667664730397, 0.000000000000000, 0.000000000000000, 0.000000000000000, 1.000000000000000], "position_delta": 1.722924596730939}
{"transform": [0.992946906387784, -0.105118244721337, -0.054832433117952, 0.091426596071122, 0.114312915062868, 0.971512609906778, 0.207595294363697, -0.991893982020428, 0.031448347250040, -0.212399160588797, 0.976676813504045, 0.088246846756735, 0.000000000000000, 0.000000000000000, 0.000000000000000, 1.000000000000000], "position_delta": 1.503431444958631}
{"transform": [0.998949951740020, -0.044240103121594, -0.011908282596695, -0.084619628554125, 0.044510203371215, 0.998733374360222, 0.023462496348388, -0.376393950546262, 0.010855216002690, -0.023967899675103, 0.999653792105396, -0.922587184202957, 0.000000000000000, 0.000000000000000, 0.000000000000000, 1.000000000000000], "position_delta": 1.196502402879210}
{"transform": [0.997941126666136, -0.063918693053083, 0.005282838887316, 0.046548545378042, 0.062681089757952, 0.989427811935364, 0.130781061150126, -0.998369384623652, -0.013586342225895, -0.130180665412277, 0.991397198734058, 0.033042469177999, 0.000000000000000, 0.000000000000000, 0.000000000000000, 1.000000000000000], "position_delta": 1.147731050755996}
{"transform": [0.999952511916593, -0.007109019207919, -0.006666015121344, 0.749567364579150, 0.006751988842643, 0.998617308471095, -0.052133308629083, 0.335713865671153, 0.007027414771121, 0.052085824058450, 0.998617886067432, 0.570477840370684, 0.000000000000000, 0.000000000000000, 0.000000000000000, 1.000000000000000], "position_delta": 1.600890488783380}
{"transform": [0.978915318572996, -0.159532141991612, -0.127570744039133, 0.476175614790899, 0.186288377926717, 0.953438630768011, 0.237173813075249, -0.846623824531265, 0.083794029098515, -0.255938025761684, 0.963054664936861, 0.237665486797228, 0.000000000000000, 0.000000000000000, 0.000000000000000, 1.000000000000000], "position_delta": 1.258343961409825}
{"transform": [0.998779818292193, -0.049236049090667, -0.003832237225923, 0.459615559054894, 0.049059287387580, 0.998098550209314, -0.037315819582160, 0.065656949288463, 0.005662233944057, 0.037082280674290, 0.999296174097928, 0.885687700538282, 0.000000000000000, 0.000000000000000, 0.000000000000000, 1.000000000000000], "position_delta": 1.119135038871072}
{"transform": [0.999729277275741, -0.022604324081409, -0.005515132867507, -0.806479930286056, 0.022691118085965, 0.999610968017577, 0.016218069520516, 0.352904321726230, 0.005146388805017, -0.016338823451709, 0.999853268000101, -0.474392940243368, 0.000000000000000, 0.000000000000000, 0.000000000000000, 1.000000000000000], "position_delta": 1.880246842978582}
{"transform": [0.996223358384021, -0.026760228977035, 0.082600910135180, -0.708941180077245, 0.031829058914489, 0.997650191527489, -0.060671297610828, 0.689561214694490, -0.080783236000307, 0.063071273098458, 0.994734177200652, -0.148012615610096, 0.000000000000000, 0.000000000000000, 0.000000000000000, 1.000000000000000], "position_delta": 0.478931923850414}
{"transform": [0.983072438099617, -0.163140593221198, -0.083389017815960, 0.130628965697867, 0.183000431497099, 0.896451103392387, 0.403591701225940, -0.989986737098550, 0.008911987474772, -0.412020103963397, 0.911131170803217, -0.053500782140760, 0.000000000000000, 0.000000000000000, 0.000000000000000, 1.000000000000000], "position_delta": 1.880077615077307}
{"transform": [0.079695341542607, -0.834465855178467, -0.545266346914677, 0.736417978952451, -0.851210181209642, -0.341628645631029, 0.398410712568521, -0.560486238457702, -0.518738739580393, 0.432384788152380, -0.737532043394025, -0.378871662671048, 0.000000000000000, 0.000000000000000, 0.000000000000000, 1.000000000000000], "position_delta": 0.810751020233557}
{"transform": [0.998147031904644, -0.055688771787377, -0.024520672844838, 0.727399232204797, 0.054821356703128, 0.997891997890646, -0.034730093507549, -0.417129947588278, 0.026403059466255, 0.033321483199703, 0.999095869878458, 0.544878852418473, 0.000000000000000, 0.000000000000000, 0.000000000000000, 1.000000000000000], "position_delta": 0.934851527277402}
{"transform": [0.998548004954240, -0.052678972753467, -0.011260889465162, 0.616662954867955, 0.052413027919292, 0.998366682495082, -0.022734154659792, -0.545853708767498, 0.012440108771174, 0.022110927465923, 0.999678123487935, 0.567248207329288, 0.000000000000000, 0.000000000000000, 0.000000000000000, 1.000000000000000], "position_delta": 0.171267970880936}
{"transform": [0.999457009368133, -0.017999038549494, 0.027599294125043, -0.406984935240519, 0.018772777228710, 0.999430600268961, -0.028036727361555, 0.238761258977140, -0.027078944957809, 0.028539619081529, 0.999225810756834, 0.881678129307358, 0.000000000000000, 0.000000000000000, 0.000000000000000, 1.000000000000000], "position_delta": 1.327532231762221}
{"transform": [0.998395518240997, -0.019771598586877, 0.053061031328178, -0.786416452358135, 0.021162969431327, 0.999443358596426, -0.025789565377193, 0.190643239706569, -0.052521594426856, 0.026871115473965, 0.998258195694904, 0.587540908035031, 0.000000000000000, 0.000000000000000, 0.000000000000000, 1.000000000000000], "position_delta": 0.482493859959382}
{"transform": [0.998456587768511, -0.018094240128324, 0.052507531039283, -0.884679995379526, 0.018319891164547, 0.999824881751807, -0.003819347811352, -0.076139642691600, -0.052429227815998, 0.004775385237182, 0.998613224309820, 0.459939192270105, 0.000000000000000, 0.000000000000000, 0.000000000000000, 1.000000000000000], "position_delta": 0.311626423934084}
{"transform": [0.998971231193147, -0.037007356916607, 0.026209440713125, 0.002964945530163, 0.037415300544747, 0.999183446719885, -0.015249101157654, 0.145846929290368, -0.025623710379142, 0.016214047459441, 0.999540159338978, 0.989302725314438, 0.000000000000000, 0.000000000000000, 0.000000000000000, 1.000000000000000], "position_delta": 1.057079623008622}
{"transform": [0.999333511444813, -0.029962905233964, 0.020850832437117, 0.842872423198653, 0.030526883466525, 0.999161682424048, -0.027277128906237, 0.341519980973887, -0.020016050789340, 0.027895459943991, 0.999410426714326, 0.415848747511431, 0.000000000000000, 0.000000000000000, 0.000000000000000, 1.000000000000000], "position_delta": 1.035655337869060}
{"transform": [0.999004240890299, -0.034933617926725, -0.027751919244388, 0.707427037699351, 0.035833518470852, 0.998825270275837, 0.032619601659121, -0.490620515399089, 0.026579797538667, -0.033581569304460, 0.999082475357192, -0.508761728318330, 0.000000000000000, 0.000000000000000, 0.000000000000000, 1.000000000000000], "position_delta": 1.251282458188820}
{"transform": [0.999482217203360, -0.025259213922836, -0.019931623271987, 0.283322767187450, 0.026021466572925, 0.998901938406272, 0.038958962070193, -0.403281087900285, 0.018925664364829, -0.039457439858575, 0.999042005957786, -0.870110667521786, 0.000000000000000, 0.000000000000000, 0.000000000000000, 1.000000000000000], "position_delta": 0.563973105498580}
{"transform": [0.996327408392430, 0.007882970669333, 0.085261679900472, -0.675363485459224, 0.001431958376180, 0.994079905480950, -0.108642031526450, 0.691381024166419, -0.085613344644588, 0.108365124889938, 0.990417767876948, 0.256664064354481, 0.000000000000000, 0.000000000000000, 0.000000000000000, 1.000000000000000], "position_delta": 1.840376528594868}
{"transform": [0.999847229951046, -0.009064747097077, 0.014944802417089, -0.945491420314690, 0.009256752780844, 0.999874857634790, -0.012828935955951, 0.232503306764114, -0.014826641129202, 0.012965316420111, 0.999806016826740, 0.228009180637672, 0.000000000000000, 0.000000000000000, 0.000000000000000, 1.000000000000000], "position_delta": 0.533253188530976}
{"transform": [0.998506632921226, -0.017412257940903, -0.051781437655931, -0.482239306282631, 0.018132530138277, 0.999744815973591, 0.013472723730404, 0.397693227294655, 0.051533633319416, -0.014391532487223, 0.998567558270130, 0.780567324732472, 0.000000000000000, 0.000000000000000, 0.000000000000000, 1.000000000000000], "position_delta": 0.739736935407140}
{"transform": [0.999870279639151, -0.010071778316878, -0.012569135843895, -0.836901223850919, 0.009865449133095, 0.999817315402969, -0.016370972292509, 0.472395263562046, 0.012731724460140, 0.016244848473761, 0.999786981356697, 0.276476140889189, 0.000000000000000, 0.000000000000000, 0.000000000000000, 1.000000000000000], "position_delta": 0.620865034950618}
{"transform": [0.999236940651368, -0.022254771202231, -0.032097688334676, -0.221508747529723, 0.020886571414361, 0.998884524206612, -0.042349243618791, 0.101947567152969, 0.033004356867639, 0.041646517972902, 0.998587141900238, 0.969814708240396, 0.000000000000000, 0.000000000000000, 0.000000000000000, 1.000000000000000], "position_delta": 0.998327483676649}
{"transform": [0.999758544363389, -0.020994897906812, -0.006485925861435, -0.450551205591873, 0.020604472608575, 0.998256164512893, -0.055318041546409, -0.890796892475716, 0.007636012108423, 0.055171045611718, 0.998447718734031, 0.059029717052662, 0.000000000000000, 0.000000000000000, 0.000000000000000, 1.000000000000000], "position_delta": 1.366576492513844}
{"transform": [-0.819674074239442, 0.226054423133858, 0.526340013490645, 0.298463354463576, 0.173122841320144, -0.778114528815175, 0.603793227736101, 0.307683629124822, 0.546042941381860, 0.586035133612616, 0.598665122032919, 0.903465777111081, 0.000000000000000, 0.000000000000000, 0.000000000000000, 1.000000000000000], "position_delta": 1.646344627153726}
{"transform": [0.998896357289902, 0.002695008362311, -0.046891409905129, 0.282781617899935, -0.002953989595574, 0.999980760567568, -0.005454579743478, 0.730594349572696, 0.046875807602995, 0.005587076573289, 0.998885100117592, -0.621503381286333, 0.000000000000000, 0.000000000000000, 0.000000000000000, 1.000000000000000], "position_delta": 1.582602391125044}
{"transform": [0.995468719022601, 0.082034520972099, -0.048087075356892, 0.155272105404994, -0.076820834161872, 0.991840400783491, 0.101740743128396, 0.059188941042371, 0.056040957220369, -0.097585637993111, 0.993648053573951, -0.986096974207600, 0.000000000000000, 0.000000000000000, 0.000000000000000, 1.000000000000000], "position_delta": 0.774578844521143}
{"transform": [0.994678528674619, 0.102344542291572, -0.011841421233294, -0.029189926609451, -0.101266483933760, 0.992358110971731, 0.070501622820413, 0.263931524349714, 0.018966386724660, -0.068927311363107, 0.997441377687363, -0.964099631075010, 0.000000000000000, 0.000000000000000, 0.000000000000000, 1.000000000000000], "position_delta": 0.276459128587131}
{"transform": [0.994762565547834, 0.098083310462719, 0.028759387917067, 0.053770998945370, -0.096631238897314, 0.994154762272551, -0.048153009459195, -0.073902613234659, -0.033314289034296, 0.045121755944124, 0.998425853675003, -0.995814783697001, 0.000000000000000, 0.000000000000000, 0.000000000000000, 1.000000000000000], "position_delta": 0.349313999994455}
{"transform": [0.994874788707887, 0.077427266405330, 0.065032093695618, 0.001003742541701, -0.073912331045566, 0.995756739847854, -0.054822279841174, -0.100976457996895, -0.069000884870039, 0.049734630435655, 0.996376105907092, -0.994888309023335, 0.000000000000000, 0.000000000000000, 0.000000000000000, 1.000000000000000], "position_delta": 0.059314709591307}
{"transform": [0.993137179748652, 0.104968798624462, 0.051576094425917, 0.134109066533742, -0.104165369309395, 0.994396482715480, -0.018033607507078, 0.147092347567703, -0.053180053004216, 0.012537403176862, 0.998506232070712, 0.979989081347578, 0.000000000000000, 0.000000000000000, 0.000000000000000, 1.000000000000000], "position_delta": 1.994842316216373}
{"transform": [0.998451777450461, 0.055056571804994, -0.007926033503424, 0.937503117203457, -0.054783451147487, 0.998007050861469, 0.031316128610747, 0.311376210287748, 0.009634396005294, -0.030833428805039, 0.999478102852553, -0.155347226884296, 0.000000000000000, 0.000000000000000, 0.000000000000000, 1.000000000000000], "position_delta": 1.400506951425552}
{"transform": [0.998731839645205, 0.036513447600412, -0.034662380518900, 0.840554077527656, -0.036204525466911, 0.999299257666874, 0.009498734765797, 0.534038127445539, 0.034984922675645, -0.008231753808706, 0.999353938009258, -0.090951202224563, 0.000000000000000, 0.000000000000000, 0.000000000000000, 1.000000000000000], "position_delta": 0.251245484812006}
{"transform": [0.999781443118333, 0.011937820815428, -0.017162588103259, 0.260484953441088, -0.012011327372332, 0.999919098316152, -0.004186267713386, 0.960707018145038, 0.017111224707134, 0.004391498240034, 0.999843948190031, 0.095862476066836, 0.000000000000000, 0.000000000000000, 0.000000000000000, 1.000000000000000], "position_delta": 0.743925991887676}
{"transform": [0.999965649693160, 0.005049413193192, -0.006572888264812, -0.299453881342166, -0.004927754114034, 0.999818642076362, 0.018395656986693, 0.598650051854770, 0.006664583492530, -0.018362635513043, 0.999809180265858, 0.742930338836282, 0.000000000000000, 0.000000000000000, 0.000000000000000, 1.000000000000000], "position_delta": 0.929146686248603}