{"transform": [1.000000000000000, 0.000000000000000, 0.000000000000000, 0.000000000000000, 0.000000000000000, 1.000000000000000, 0.000000000000000, 0.000000000000000, 0.000000000000000, 0.000000000000000, 1.000000000000000, 0.000000000000000, 0.000000000000000, 0.000000000000000, 0.000000000000000, 1.000000000000000], "position_delta": 0.000000000000000}
{"transform": [0.999997727137576, -0.001875159476936, -0.001014641127377, -0.102187342210788, 0.001872133066318, 0.999993820699001, -0.002975513669450, 0.210454976259957, 0.001020214420260, 0.002973607363312, 0.999995058398683, -0.972248142224667, 0.000000000000000, 0.000000000000000, 0.000000000000000, 1.000000000000000], "position_delta": 0.000000000000000}
{"transform": [0.999772156681165, -0.020737513539905, -0.005058681377048, -0.348480140244780, 0.020733787985013, 0.999784721524762, -0.000787808001110, -0.496163691430914, 0.005073929530925, 0.000682742877165, 0.999986894464762, -0.795225240520337, 0.000000000000000, 0.000000000000000, 0.000000000000000, 1.000000000000000], "position_delta": 0.768965013261628}
{"transform": [0.999439414832802, -0.029002849098870, 0.016723959543570, -0.773774918308940, 0.028894131359726, 0.999559981478820, 0.006706161273576, -0.549729279320118, -0.016911098475073, -0.006219177615131, 0.999837655111147, -0.314754023412213, 0.000000000000000, 0.000000000000000, 0.000000000000000, 1.000000000000000], "position_delta": 0.643892468447893}
{"transform": [0.999347749538862, -0.032142088740172, -0.016460911974465, -0.682712995907258, 0.032188652322038, 0.999478502843352, 0.002571578445841, -0.414342378404065, 0.016369671753066, -0.003099755705064, 0.999861203048336, -0.601849946978314, 0.000000000000000, 0.000000000000000, 0.000000000000000, 1.000000000000000], "position_delta": 0.330221071374036}
{"transform": [0.999469998483211, -0.025633452671116, -0.020066096683898, -0.508630359420218, 0.025874743783903, 0.999594849377452, 0.011858951563513, -0.420553942019636, 0.019753981018702, -0.012371871411636, 0.999728321611270, -0.751285258292617, 0.000000000000000, 0.000000000000000, 0.000000000000000, 1.000000000000000], "position_delta": 0.229508736470818}
{"transform": [0.995995971770879, -0.027876545608087, 0.084940699438747, -0.784666354290759, 0.025018536285990, 0.999090531890491, 0.034527987617042, -0.530405702666782, -0.085825969602969, -0.032264644608863, 0.995787575565177, -0.320887056489674, 0.000000000000000, 0.000000000000000, 0.000000000000000, 1.000000000000000], "position_delta": 0.522977907656388}
{"transform": [0.998823979227547, -0.048099402035736, -0.006091473044666, 0.371746838574672, 0.047986678144476, 0.998695241903547, -0.017466897831996, -0.052606163921456, 0.006923672487030, 0.017154046840896, 0.999828886078149, -0.926842424324225, 0.000000000000000, 0.000000000000000, 0.000000000000000, 1.000000000000000], "position_delta": 1.390239468460730}
{"transform": [0.999533929968244, -0.024783710154363, 0.017823875931521, -0.247252477089273, 0.024605091771344, 0.999645499512966, 0.010171762993574, -0.628105253319489, -0.018069651384614, -0.009728464136656, 0.999789400166045, -0.737800788374260, 0.000000000000000, 0.000000000000000, 0.000000000000000, 1.000000000000000], "position_delta": 0.866080882373601}
{"transform": [0.999706906422775, -0.023796166819430, -0.004454626281364, 0.675332235875111, 0.023854954968331, 0.999622303898213, 0.013645170306301, 0.623655748015354, 0.004128241037495, -0.013747435903867, 0.999896977509186, 0.393674839372968, 0.000000000000000, 0.000000000000000, 0.000000000000000, 1.000000000000000], "position_delta": 1.923097827268381}
{"transform": [0.999503901855722, -0.021248782998246, 0.023247352457452, -0.784074201005561, 0.020934304398550, 0.999687144011127, 0.013688279593346, 0.413914609715411, -0.023530938666708, -0.013194821710436, 0.999636029565508, 0.462495776393288, 0.000000000000000, 0.000000000000000, 0.000000000000000, 1.000000000000000], "position_delta": 1.476006373453872}
{"transform": [0.999954992141619, -0.004155790272625, 0.008528956458174, -0.489411725912490, 0.004269872241547, 0.999901078982062, -0.013401508928049, 0.535479624718567, -0.008472418904677, 0.013437323309264, 0.999873820269431, 0.688286084452258, 0.000000000000000, 0.000000000000000, 0.000000000000000, 1.000000000000000], "position_delta": 0.390621671587812}
{"transform": [0.999914692967027, 0.012541574985781, 0.003649066391880, -0.511263028352059, -0.012587886760487, 0.999836804103956, 0.012958019373853, 0.230420631454840, -0.003485956907576, -0.013002847998189, 0.999909382918460, 0.827959206990437, 0.000000000000000, 0.000000000000000, 0.000000000000000, 1.000000000000000], "position_delta": 0.336224701574630}
{"transform": [0.997198096268250, 0.051032339573581, -0.054696042970446, 0.502077703158837, -0.053680543622520, 0.997399334082273, -0.048093321871441, 0.246021669148409, 0.052099482102693, 0.050894682334071, 0.997344160896701, 0.829090657467673, 0.000000000000000, 0.000000000000000, 0.000000000000000, 1.000000000000000], "position_delta": 1.013461450029717}
{"transform": [0.997819933973345, 0.064707379694212, -0.012974373917012, 0.173760950517977, -0.065212157573299, 0.996934211245018, -0.043238327371770, -0.769253646121353, 0.010136758360767, 0.043990151879509, 0.998980536681047, 0.614862553750099, 0.000000000000000, 0.000000000000000, 0.000000000000000, 1.000000000000000], "position_delta": 1.088333375525708}
{"transform": [0.996934360172104, 0.078025383091010, -0.005824182495255, 0.400017164991038, -0.078165262706042, 0.996493417908256, -0.029850624308664, -0.886805003899897, 0.003474653124029, 0.030214361800685, 0.999537402565129, 0.231437146479635, 0.000000000000000, 0.000000000000000, 0.000000000000000, 1.000000000000000], "position_delta": 0.460461984580465}
{"transform": [0.994455745011679, 0.097312821495654, -0.039849541852098, 0.929093346977570, -0.097747392225690, 0.995169638873226, -0.009101493174712, -0.369763475678435, 0.038771362193561, 0.012946220973207, 0.999164239170002, -0.007779759393455, 0.000000000000000, 0.000000000000000, 0.000000000000000, 1.000000000000000], "position_delta": 0.777482010278389}
{"transform": [0.993985685166700, 0.100458776058099, -0.043594632658104, 0.931447225103195, -0.100577327555337, 0.994929103648026, -0.000529051946517, -0.028184129605688, 0.043320420883374, 0.004910501710056, 0.999049162007277, -0.362783298521208, 0.000000000000000, 0.000000000000000, 0.000000000000000, 1.000000000000000], "position_delta": 0.492655562435812}
{"transform": [0.993372357739706, 0.104149219634456, -0.048624057093077, 0.946908263580812, -0.104026873709903, 0.994561681369689, 0.005046929486345, 0.115145223268160, 0.048885257745060, 0.000044728403288, 0.998804400057673, -0.300177144234695, 0.000000000000000, 0.000000000000000, 0.000000000000000, 1.000000000000000], "position_delta": 0.157168309975609}
{"transform": [0.990713253284563, 0.115311840668359, 0.072044633165778, 0.121161744225015, -0.116877397017526, 0.992985167221281, 0.017892225823874, -0.052974394259712, -0.069476066618111, -0.026146454447971, 0.997240913263729, -0.991218212750940, 0.000000000000000, 0.000000000000000, 0.000000000000000, 1.000000000000000], "position_delta": 1.089797815377700}
{"transform": [0.992156609469206, 0.099871773677787, -0.075172409227200, 0.929409113858219, -0.097797649343970, 0.994729793109332, 0.030793805926847, -0.296963938923874, 0.077851667094306, -0.023200593163090, 0.996694963570860, -0.219114394908453, 0.000000000000000, 0.000000000000000, 0.000000000000000, 1.000000000000000], "position_delta": 1.144088726433122}
{"transform": [0.996748995169964, 0.076508936988716, -0.025255161621424, 0.857219646729285, -0.076776518430533, 0.997000165878224, -0.009799768185049, -0.467458395997097, 0.024429630479267, 0.011706912473039, 0.999633003334221, -0.216002604783231, 0.000000000000000, 0.000000000000000, 0.000000000000000, 1.000000000000000], "position_delta": 0.185173870442986}
{"transform": [0.995506647153412, 0.083367349369201, -0.044904348703948, 0.927947581353717, -0.083452657166017, 0.996511742718602, -0.000025216391825, -0.369107273856766, 0.044745608558868, 0.003772490303333, 0.998991290668546, 0.051702095178179, 0.000000000000000, 0.000000000000000, 0.000000000000000, 1.000000000000000], "position_delta": 0.293838714848689}
{"transform": [0.995018028379821, 0.082618431579094, -0.055797114285100, 0.900322472496963, -0.080760489567226, 0.996126756176929, 0.034773969478490, -0.115294161756257, 0.058453969274942, -0.030094524283324, 0.997836385929158, -0.419674518861793, 0.000000000000000, 0.000000000000000, 0.000000000000000, 1.000000000000000], "position_delta": 0.536078496842843}
{"transform": [0.996214440562656, 0.086632367794028, -0.007184794000880, 0.285049497185516, -0.085715444275372, 0.992703770961977, 0.084806165639925, -0.163867472003992, 0.014479331031178, -0.083869279049429, 0.996371563727417, -0.944401522538642, 0.000000000000000, 0.000000000000000, 0.000000000000000, 1.000000000000000], "position_delta": 0.810097913220807}
{"transform": [0.994578992708525, 0.082618054964805, 0.063141779011425, -0.102135546004248, -0.087857210435608, 0.992476254095683, 0.085275996802583, -0.492621289471470, -0.055621379319183, -0.090361175568014, 0.994354624926439, -0.864229480752584, 0.000000000000000, 0.000000000000000, 0.000000000000000, 1.000000000000000], "position_delta": 0.514216769906860}
{"transform": [0.985383166413236, 0.124194329284514, 0.116600960214717, -0.144751024539201, -0.127959399233372, 0.991455364278098, 0.025350597468666, -0.151983370837373, -0.112456247035276, -0.039900240823251, 0.992855257973179, -0.977726033142087, 0.000000000000000, 0.000000000000000, 0.000000000000000, 1.000000000000000], "position_delta": 0.361568441690416}
{"transform": [0.990423483021854, 0.117232989818829, -0.072922907079990, 0.895259661212324, -0.118239501558381, 0.992938436609146, -0.009627116671657, 0.117959748102401, 0.071279341678246, 0.018157290610726, 0.997291115095083, -0.429645943578678, 0.000000000000000, 0.000000000000000, 0.000000000000000, 1.000000000000000], "position_delta": 1.206185432890036}
{"transform": [0.991120211168359, 0.124112031299329, -0.047717195017547, 0.879985745725336, -0.124228734439470, 0.992253469329081, 0.000523587595703, -0.014768463959590, 0.047412535822879, 0.005408908499613, 0.998860748631003, -0.474770449578004, 0.000000000000000, 0.000000000000000, 0.000000000000000, 1.000000000000000], "position_delta": 0.141018764046349}
{"transform": [0.991796608788133, 0.124934802576543, -0.027032978036447, -0.023228076273798, -0.124516431343694, 0.992077851785827, 0.016649153775812, 0.343232681854287, 0.028898877517819, -0.013146524300351, 0.999495884822459, -0.938963142290331, 0.000000000000000, 0.000000000000000, 0.000000000000000, 1.000000000000000], "position_delta": 1.076770581239037}
{"transform": [0.990615288149104, 0.106408288620589, -0.085782439916952, 0.476658603438159, -0.102396229245839, 0.993491376322450, 0.049898871822499, 0.049259148851753, 0.090533767852121, -0.040646786905756, 0.995063553544564, -0.877707304300690, 0.000000000000000, 0.000000000000000, 0.000000000000000, 1.000000000000000], "position_delta": 0.583146129496930}
{"transform": [0.992630449177874, 0.092710816408492, -0.078035222084662, 0.884970158845613, -0.090330021942359, 0.995347866673895, 0.033512854901066, 0.248608092849966, 0.080779195965449, -0.026216956890494, 0.996387170065220, -0.393728122087149, 0.000000000000000, 0.000000000000000, 0.000000000000000, 1.000000000000000], "position_delta": 0.663848007128549}
{"transform": [0.986203733381068, 0.109481489896266, 0.124161184092842, -0.194151726568229, -0.110398372167265, 0.993887288254089, 0.000507611811144, -0.068989278027106, -0.123346648467078, -0.014207801273468, 0.992261932503164, -0.978542582920066, 0.000000000000000, 0.000000000000000, 0.000000000000000, 1.000000000000000], "position_delta": 1.267824943423361}
{"transform": [0.989571297341035, 0.116824935239465, -0.084264951107069, 0.762874139079876, -0.128079330539572, 0.981309742437268, -0.143620592138583, 0.614592298911896, 0.065911551091723, 0.152915414213208, 0.986038814412844, 0.200746990117729, 0.000000000000000, 0.000000000000000, 0.000000000000000, 1.000000000000000], "position_delta": 1.665504781417809}
{"transform": [0.964410146949396, 0.098439545693584, 0.245403187234164, -0.392397621253273, -0.188629915624586, 0.906528272374525, 0.377657578127488, -0.833605045486760, -0.185288486939980, -0.410507182920469, 0.892833707572801, 0.388750221831176, 0.000000000000000, 0.000000000000000, 0.000000000000000, 1.000000000000000], "position_delta": 1.862061654103128}
{"transform": [0.990327564375536, 0.049596796785871, 0.129581916124897, -0.331387569832102, -0.092485683836642, 0.932157177066421, 0.350041991093683, -0.930662994056064, -0.103429751635047, -0.358640704594644, 0.927727940446212, 0.155076336219867, 0.000000000000000, 0.000000000000000, 0.000000000000000, 1.000000000000000], "position_delta": 0.260280534369328}
{"transform": [0.999752861301972, -0.001934744192099, -0.022146626908656, -0.109812937994660, 0.001339544106916, 0.999638340332430, -0.026858781785669, -0.554962313379832, 0.022190582238997, 0.026822477557745, 0.999393882689682, 0.824595627794064, 0.000000000000000, 0.000000000000000, 0.000000000000000, 1.000000000000000], "position_delta": 0.799063452251758}
{"transform": [0.993530716943097, 0.080735167012377, -0.079865808065903, 0.927282355155509, -0.081406356996648, 0.996667540747468, -0.005178635044960, 0.327734576039896, 0.079181560549602, 0.011646717472245, 0.996792172140738, -0.180935020063010, 0.000000000000000, 0.000000000000000, 0.000000000000000, 1.000000000000000], "position_delta": 1.692871031545334}
{"transform": [0.997615330021465, 0.068514325183699, -0.008333099710589, 0.855205816903884, -0.068310948785831, 0.997407235599570, 0.022636710220406, 0.277563972029388, 0.009862432871444, -0.022013487189574, 0.999709027067182, -0.437699956779790, 0.000000000000000, 0.000000000000000, 0.000000000000000, 1.000000000000000], "position_delta": 0.271367554435472}
{"transform": [0.997082029879443, 0.074505485943221, -0.016624026463332, 0.852367056857263, -0.073925596356865, 0.996713353323829, 0.033128499954713, 0.335981584582066, 0.019037644149708, -0.031802890911553, 0.999312836020281, -0.400732797767054, 0.000000000000000, 0.000000000000000, 0.000000000000000, 1.000000000000000], "position_delta": 0.069189933230421}
{"transform": [0.996310099413572, 0.070849199168241, -0.048441477926847, 0.507601060753919, -0.074249916020403, 0.994605377386016, -0.072436822443999, 0.569864784207611, 0.043048063574119, 0.075766313438357, 0.996195929509090, -0.646216133225958, 0.000000000000000, 0.000000000000000, 0.000000000000000, 1.000000000000000], "position_delta": 0.483556626595316}
{"transform": [0.992592522530078, 0.106579130019393, -0.058317864001398, 0.828548169945273, -0.105753057803257, 0.994245703211457, 0.017081346867730, 0.254151545429527, 0.059802800792582, -0.010787524732949, 0.998151919462914, -0.498913742079852, 0.000000000000000, 0.000000000000000, 0.000000000000000, 1.000000000000000], "position_delta": 0.473687545197670}
{"transform": [0.993515259168244, 0.105461781048067, -0.042488145853019, 0.779729059946954, -0.104253757410719, 0.994106700561239, 0.029715685504372, 0.232157035743172, 0.045371619605264, -0.025093438134646, 0.998654963186474, -0.581485772679936, 0.000000000000000, 0.000000000000000, 0.000000000000000, 1.000000000000000], "position_delta": 0.098413435031973}
{"transform": [0.995998001598961, 0.078938384855212, -0.041913150768299, 0.743787881808893, -0.078153331219985, 0.996739664960066, 0.020052359325401, 0.032953860697475, 0.043359400711898, -0.016696457460976, 0.998920012152204, -0.667602898390481, 0.000000000000000, 0.000000000000000, 0.000000000000000, 1.000000000000000], "position_delta": 0.219976891001951}
{"transform": [0.997658958433805, 0.063844249845451, -0.024505395700699, 0.953374093160177, -0.063082331977302, 0.997536063756141, 0.030698874543049, 0.301567344992687, 0.026404962584363, -0.029081149694882, 0.999228234530701, -0.011617870935411, 0.000000000000000, 0.000000000000000, 0.000000000000000, 1.000000000000000], "position_delta": 0.739185998365112}
{"transform": [0.993592101939890, 0.095039853636191, 0.061173206418195, 0.206781078318242, -0.097736772906013, 0.994295353018357, 0.042711522895107, 0.299039762306160, -0.056764937986314, -0.048416703594031, 0.997212898346435, 0.931566855469547, 0.000000000000000, 0.000000000000000, 0.000000000000000, 1.000000000000000], "position_delta": 1.202915186789411}
{"transform": [0.990525713083950, 0.103972690200205, -0.089713384798844, 0.982249658088121, -0.100899014055522, 0.994164807090786, 0.038153968401246, -0.106374707429056, 0.093156860628495, -0.028740494683840, 0.995236546396469, -0.154499290629932, 0.000000000000000, 0.000000000000000, 0.000000000000000, 1.000000000000000], "position_delta": 1.394722941728706}
{"transform": [0.995824946627391, 0.083915480256692, -0.035928649401860, -0.308515899900021, -0.082793644018122, 0.996063940539111, 0.031651838302061, -0.313831891731429, 0.038443311313590, -0.028545026379179, 0.998852988824811, 0.897957395003323, 0.000000000000000, 0.000000000000000, 0.000000000000000, 1.000000000000000], "position_delta": 1.678326334221460}
{"transform": [0.996168320005333, 0.057228345983622, -0.066133158352907, 0.781213347161529, -0.056704031516732, 0.998343131955704, 0.009779759026937, -0.516293021266194, 0.066583263869394, -0.005992269424376, 0.997762878483482, -0.350923385382773, 0.000000000000000, 0.000000000000000, 0.000000000000000, 1.000000000000000], "position_delta": 1.669791467366991}
{"transform": [0.997428235166985, 0.057646885842190, -0.042588170239772, -0.007812456995988, -0.055963392706709, 0.997642511622243, 0.039717976796623, -0.258689055486664, 0.044777386797680, -0.037232453004871, 0.998302925005637, -0.965929054375684, 0.000000000000000, 0.000000000000000, 0.000000000000000, 1.000000000000000], "position_delta": 1.033031217197804}
{"transform": [0.998017672987869, 0.062622773792687, 0.006254007226542, 0.542068099481853, -0.062688911531994, 0.997972412080351, 0.011007501871924, 0.180701389022073, -0.005552006377292, -0.011377738309372, 0.999919857936700, -0.820676052733126, 0.000000000000000, 0.000000000000000, 0.000000000000000, 1.000000000000000], "position_delta": 0.718700927788561}
{"transform": [0.996689243418803, 0.067988421683153, -0.044588412959954, 0.737824520807456, -0.068326471905162, 0.997644366513452, -0.006100098438988, 0.441934603946192, 0.044068642936295, 0.009126471443340, 0.998986817845334, -0.510204647499580, 0.000000000000000, 0.000000000000000, 0.000000000000000, 1.000000000000000], "position_delta": 0.450506229188334}
{"transform": [0.996113710916624, 0.077971797242904, 0.040961857362963, 0.131650100439683, -0.077271852594039, 0.996840181571187, -0.018404162621777, -0.411720319847610, -0.042267430967559, 0.015167440121362, 0.998991197678722, 0.901750868743027, 0.000000000000000, 0.000000000000000, 0.000000000000000, 1.000000000000000], "position_delta": 1.757780571252718}
{"transform": [0.997349087940846, 0.072442967803176, 0.006842017204812, 0.825251708699539, -0.072492894627345, 0.997341810590199, 0.007354799603778, 0.174548042346197, -0.006291026316241, -0.007831300309083, 0.999949545588855, 0.537115069795664, 0.000000000000000, 0.000000000000000, 0.000000000000000, 1.000000000000000], "position_delta": 0.978648583181956}
{"transform": [0.987619163067614, 0.139016478429106, -0.072682924176150, 0.656972682340848, -0.128176360772449, 0.982241732155017, 0.137010949023215, -0.540661516322223, 0.090438980980310, -0.125998406094208, 0.987899383733466, -0.525425560308999, 0.000000000000000, 0.000000000000000, 0.000000000000000, 1.000000000000000], "position_delta": 1.291834019580735}
{"transform": [0.991786397563233, 0.126239306869323, 0.020576175779233, 0.068028269165839, -0.127373732750268, 0.989451445065335, 0.069005579943831, -0.311735021046565, -0.011647910276456, -0.071059659858980, 0.997404056000835, -0.947730674425703, 0.000000000000000, 0.000000000000000, 0.000000000000000, 1.000000000000000], "position_delta": 0.760002941743237}
{"transform": [0.994161603706883, 0.092715717811691, -0.055195121030952, 0.460849793644016, -0.091201581372481, 0.995399780778677, 0.029352137586888, 0.108388184325643, 0.057662615879938, -0.024146885853537, 0.998044062470921, -0.880834529975329, 0.000000000000000, 0.000000000000000, 0.000000000000000, 1.000000000000000], "position_delta": 0.579040026188089}
{"transform": [0.986549390332960, 0.110946233983312, -0.120046797535736, 0.706801602433474, -0.113800703290373, 0.993355249627249, -0.017168225551956, 0.498611646434589, 0.117344366563897, 0.030598712438705, 0.992619775358526, -0.501814627962620, 0.000000000000000, 0.000000000000000, 0.000000000000000, 1.000000000000000], "position_delta": 0.597011498003867}
{"transform": [0.994825330328179, 0.099488799447124, -0.020604390842722, 0.271668015935395, -0.097758991185896, 0.992559948324505, 0.072580497548388, -0.259385930896547, 0.027672039674474, -0.070190652986175, 0.997149703130693, -0.926776903019631, 0.000000000000000, 0.000000000000000, 0.000000000000000, 1.000000000000000], "position_delta": 0.971851069125401}
{"transform": [0.997214228367114, 0.050213193140662, -0.055158117959183, -0.201710342179534, -0.052406536413788, 0.997861466920989, -0.039064661465347, -0.138648916430286, 0.053078599108217, 0.041846482156933, 0.997713152287670, 0.969582083080397, 0.000000000000000, 0.000000000000000, 0.000000000000000, 1.000000000000000], "position_delta": 1.958275236210717}
{"transform": [0.999065745798515, 0.033283547307634, -0.027565214504466, -0.295247209989849, -0.033641928793866, 0.999354003971906, -0.012641019434675, -0.823598768409636, 0.027126669517012, 0.013556556492704, 0.999540076023455, 0.484266614239864, 0.000000000000000, 0.000000000000000, 0.000000000000000, 1.000000000000000], "position_delta": 0.844651732764578}
{"transform": [0.999913155402763, -0.001269206500203, 0.013117574751092, -0.073815367196392, 0.001447764120544, 0.999906310166510, -0.013611571116022, -0.871848291848542, -0.013099069873159, 0.013629380178684, 0.999821311217361, 0.484181626630381, 0.000000000000000, 0.000000000000000, 0.000000000000000, 1.000000000000000], "position_delta": 0.226627634541513}
{"transform": [0.999492775969316, 0.030639159871512, -0.008685198185382, 0.642522152433599, -0.030624897979574, 0.999529379933001, 0.001770388231876, 0.051885983323312, 0.008735353964901, -0.001503506940062, 0.999960715757369, 0.764508422691777, 0.000000000000000, 0.000000000000000, 0.000000000000000, 1.000000000000000], "position_delta": 1.202084674948884}
{"transform": [0.999551339862784, 0.025499869106184, -0.015712277176789, -0.336142911405196, -0.023015491695254, 0.989611366182957, 0.141914167945020, 0.155910774085339, 0.019167840789679, -0.141488870930081, 0.989754259037258, 0.928816329333281, 0.000000000000000, 0.000000000000000, 0.000000000000000, 1.000000000000000], "position_delta": 0.997799354808665}
{"transform": [0.999310033839457, 0.030695058407869, -0.020910993690418, 0.190375974047787, -0.027967975911293, 0.992364338761950, 0.120128312553634, 0.021892808614131, 0.024438669996719, -0.119460589915234, 0.992538119603422, -0.981467112763511, 0.000000000000000, 0.000000000000000, 0.000000000000000, 1.000000000000000], "position_delta": 1.986042743990385}
{"transform": [0.999406816091887, 0.007685673357565, 0.033570021955879, 0.160131911748347, -0.008774442836320, 0.999436244868991, 0.032406814022416, 0.050513913341100, -0.033302028496618, -0.032682149060491, 0.998910832872884, 0.985802269929821, 0.000000000000000, 0.000000000000000, 0.000000000000000, 1.000000000000000], "position_delta": 1.967710012939601}
{"transform": [0.999954447042419, 0.002586657034275, -0.009187657235523, 0.740104458370862, -0.002320031882512, 0.999579240236496, 0.028912971834353, -0.639923716324366, 0.009258579381014, -0.028890339105261, 0.999539707572555, 0.206743870489998, 0.000000000000000, 0.000000000000000, 0.000000000000000, 1.000000000000000], "position_delta": 1.191639318347465}
{"transform": [0.998151274836633, -0.011758002939140, -0.059630377400182, 0.821502026370786, 0.013735707511737, 0.999365398499573, 0.032865340724554, -0.553710028818679, 0.059206105100378, -0.033623647164937, 0.997679351029263, 0.136160290299007, 0.000000000000000, 0.000000000000000, 0.000000000000000, 1.000000000000000], "position_delta": 0.137986976857270}
{"transform": [0.999974822149391, -0.004940655651284, -0.005093622387724, 0.672705803025448, 0.004984581566147, 0.999950187084640, 0.008647386657498, -0.720359630761193, 0.005050644899785, -0.008672558511147, 0.999949637589297, 0.168964212025756, 0.000000000000000, 0.000000000000000, 0.000000000000000, 1.000000000000000], "position_delta": 0.225806340013050}
{"transform": [0.999965656987288, -0.007845864120028, 0.002669693276853, 0.175442326058036, 0.007824358909012, 0.999937606593145, 0.007972598599912, -0.980305630811257, -0.002732078630892, -0.007951436158482, 0.999964654580037, 0.090668960659588, 0.000000000000000, 0.000000000000000, 0.000000000000000, 1.000000000000000], "position_delta": 0.566544821575697}
{"transform": [0.999962049037068, -0.008631421177998, 0.001182816146505, -0.067257379718919, 0.008656047218304, 0.999704958509851, -0.022695126731799, -0.278058056322770, -0.000986575969156, 0.022704503942300, 0.999741732733305, 0.958206742925215, 0.000000000000000, 0.000000000000000, 0.000000000000000, 1.000000000000000], "position_delta": 1.142224411714942}
{"transform": [0.999917783272558, -0.010772665809859, 0.006955312116843, 0.298128232928500, 0.010767165188638, 0.999941689738776, 0.000827814087007, -0.345465250850726, -0.006963824315288, -0.000752857032341, 0.999975468877709, 0.889816451401959, 0.000000000000000, 0.000000000000000, 0.000000000000000, 1.000000000000000], "position_delta": 0.377793075344818}