{"transform": [1.000000000000000, 0.000000000000000, 0.000000000000000, 0.000000000000000, 0.000000000000000, 1.000000000000000, 0.000000000000000, 0.000000000000000, 0.000000000000000, 0.000000000000000, 1.000000000000000, 0.000000000000000, 0.000000000000000, 0.000000000000000, 0.000000000000000, 1.000000000000000], "position_delta": 0.000000000000000}
{"transform": [-0.912109074255493, 0.222306791296675, 0.344436826144017, 0.192313646984934, 0.218578867896138, -0.447079675876291, 0.867377104797903, 0.485008442164241, 0.346814525604147, 0.866429139607924, 0.359193862514720, 0.759552419706235, 0.000000000000000, 0.000000000000000, 0.000000000000000, 1.000000000000000], "position_delta": 0.000000000000000}
{"transform": [0.055548289141616, 0.932853314887176, -0.355948142961086, -0.076564077825965, -0.711810379795469, 0.286995241632581, 0.641061396822244, 0.065710091693625, 0.700171672369619, 0.217757719000413, 0.679956767027778, 0.168630374531952, 0.000000000000000, 0.000000000000000, 0.000000000000000, 1.000000000000000], "position_delta": 0.772848756924551}
{"transform": [0.537078115819518, 0.759022982951361, -0.368009794515547, -0.171735439230893, -0.648211865590406, 0.650544360815220, 0.395744124301704, -0.051538925185549, 0.539785582259810, 0.026002806831860, 0.841400843368547, 0.059085776674622, 0.000000000000000, 0.000000000000000, 0.000000000000000, 1.000000000000000], "position_delta": 0.605685115592713}
{"transform": [0.734532175526390, 0.598935168541407, -0.318965745810965, -0.243318353371053, -0.533765477883989, 0.800213619836459, 0.273409175499849, -0.083948658279326, 0.418995104667997, -0.030574932747368, 0.907473567522354, -0.002057036575355, 0.000000000000000, 0.000000000000000, 0.000000000000000, 1.000000000000000], "position_delta": 0.490370139632008}
{"transform": [0.830737178670000, 0.486158855118339, -0.271155504398184, -0.301514103375787, -0.443159931571490, 0.872364893582507, 0.206370461777683, -0.095247730324629, 0.336875370166714, -0.051274360403685, 0.940152075432604, -0.031112066284796, 0.000000000000000, 0.000000000000000, 0.000000000000000, 1.000000000000000], "position_delta": 0.411191543251804}
{"transform": [0.999574535857323, -0.027004482191963, 0.011022940041611, -0.388930796246719, 0.026890557073668, 0.999584740645404, 0.010355877998879, -0.273013294552206, -0.011298017785646, -0.010055058945816, 0.999885618750321, -0.264204600864341, 0.000000000000000, 0.000000000000000, 0.000000000000000, 1.000000000000000], "position_delta": 0.505011636438883}
{"transform": [0.999514771530166, -0.026574752450890, 0.016248200674946, -0.346507202944913, 0.026350837940176, 0.999556902775092, 0.013843101333018, -0.274768072882779, -0.016608878133395, -0.013408230563335, 0.999772156303780, -0.284087032842140, 0.000000000000000, 0.000000000000000, 0.000000000000000, 1.000000000000000], "position_delta": 0.229066748344734}
{"transform": [0.999495593579452, -0.025809234883307, 0.018505183327822, -0.321744135687910, 0.025534234757348, 0.999562212265679, 0.014946125447692, -0.303635096722943, -0.018882830047815, -0.014466070830733, 0.999717045730493, -0.354115849705239, 0.000000000000000, 0.000000000000000, 0.000000000000000, 1.000000000000000], "position_delta": 0.199911782253181}
{"transform": [0.999490739830518, -0.024602184271992, 0.020322242053723, -0.355228172160537, 0.024250385260143, 0.999554831470535, 0.017379807209682, -0.306788882969391, -0.020740776450697, -0.016878134166964, 0.999642410454491, -0.293978234705376, 0.000000000000000, 0.000000000000000, 0.000000000000000, 1.000000000000000], "position_delta": 0.325363111812486}
{"transform": [0.999523445265922, -0.022537451131876, 0.021093735094115, -0.318424268893654, 0.022175008081020, 0.999605076363927, 0.017261527281030, -0.235909562633514, -0.021474435507111, -0.016785547472316, 0.999628477993552, -0.214686492200275, 0.000000000000000, 0.000000000000000, 0.000000000000000, 1.000000000000000], "position_delta": 0.408939976354714}
{"transform": [0.999675212156746, -0.019124803458088, 0.016843755283594, -0.314570721279481, 0.018896618006531, 0.999728891392345, 0.013603732699112, -0.117002699007220, -0.017099357510718, -0.013281024362719, 0.999765585707268, -0.059232249706983, 0.000000000000000, 0.000000000000000, 0.000000000000000, 1.000000000000000], "position_delta": 0.350362001022047}
{"transform": [0.999846952740491, -0.013877764428103, 0.010652640519222, -0.337112427139881, 0.013756680655053, 0.999840874705941, 0.011356892383671, -0.011964139738993, -0.010808553691803, -0.011208609268659, 0.999878763773566, 0.141739218206231, 0.000000000000000, 0.000000000000000, 0.000000000000000, 1.000000000000000], "position_delta": 0.340573881718618}
{"transform": [0.999995591568663, -0.002190341723553, 0.002004805819319, -0.310198014790774, 0.002173601982242, 0.999963073728830, 0.008314242792534, 0.001644702187928, -0.002022942822204, -0.008309848489862, 0.999963426391392, 0.320014706140740, 0.000000000000000, 0.000000000000000, 0.000000000000000, 1.000000000000000], "position_delta": 0.426171510018956}
{"transform": [0.999858782448782, 0.015585065274266, -0.006286565074563, -0.160224055228285, -0.015584201189054, 0.999878541585283, 0.000186415094130, -0.022247293425993, 0.006288706809745, -0.000088417674136, 0.999980221978903, 0.326975443089135, 0.000000000000000, 0.000000000000000, 0.000000000000000, 1.000000000000000], "position_delta": 0.337437134408719}
{"transform": [0.999184981651531, 0.036927391823379, -0.016301539042413, -0.027871224129087, -0.037035247214808, 0.999293691597883, -0.006364620681030, -0.133521526063143, 0.016054996286724, 0.006963164926812, 0.999846863988899, 0.301032243837903, 0.000000000000000, 0.000000000000000, 0.000000000000000, 1.000000000000000], "position_delta": 0.273237878204443}
{"transform": [0.998150268251602, 0.056766818120724, -0.021761671574210, 0.125070688228211, -0.057015591705786, 0.998312836119735, -0.010986516327347, -0.207554258071226, 0.021101286493821, 0.012206948800602, 0.999702818896338, 0.223265468965861, 0.000000000000000, 0.000000000000000, 0.000000000000000, 1.000000000000000], "position_delta": 0.300334534009364}
{"transform": [0.996949079902067, 0.074301749668615, -0.023911965176556, 0.268617130671010, -0.074667351258784, 0.997099006021373, -0.014776970162624, -0.226412244517332, 0.022744641971677, 0.016517329910494, 0.999604851465922, 0.063409430450619, 0.000000000000000, 0.000000000000000, 0.000000000000000, 1.000000000000000], "position_delta": 0.355731620775606}
{"transform": [0.995889873299235, 0.087123091179695, -0.024757367455537, 0.368729642967259, -0.087523892834737, 0.996040373548277, -0.015593025519843, -0.131153877237532, 0.023300824944352, 0.017695797385356, 0.999571873509759, -0.041891796699524, 0.000000000000000, 0.000000000000000, 0.000000000000000, 1.000000000000000], "position_delta": 0.283411348227651}
{"transform": [0.995082527876079, 0.095588517425262, -0.025953767591468, 0.420175570219032, -0.095896142772823, 0.995331925816023, -0.010875994329802, -0.060120443308926, 0.024792993305486, 0.013311378133309, 0.999603978931230, -0.101734234346790, 0.000000000000000, 0.000000000000000, 0.000000000000000, 1.000000000000000], "position_delta": 0.233176688001978}
{"transform": [0.995082527876079, 0.095588517425262, -0.025953767591468, 0.420175570219032, -0.095896142772823, 0.995331925816023, -0.010875994329802, -0.060120443308926, 0.024792993305486, 0.013311378133309, 0.999603978931230, -0.101734234346790, 0.000000000000000, 0.000000000000000, 0.000000000000000, 1.000000000000000], "position_delta": 0.233176688001978}
{"transform": [0.995300532048914, 0.093216113689953, -0.026222262520415, 0.433120370933718, -0.093434796253972, 0.995599083241248, -0.007239081306702, -0.037122958100528, 0.025432061499740, 0.009655133232019, 0.999629925847634, -0.139326284675342, 0.000000000000000, 0.000000000000000, 0.000000000000000, 1.000000000000000], "position_delta": 0.250542678326439}
{"transform": [0.995589328110408, 0.088530383606989, -0.031052551120095, 0.396384689152153, -0.088589887072149, 0.996068038384868, -0.000542970224889, -0.048703799879951, 0.030882384318742, 0.003291517358413, 0.999517605774040, -0.123339370063745, 0.000000000000000, 0.000000000000000, 0.000000000000000, 1.000000000000000], "position_delta": 0.214804767285277}
{"transform": [0.995722455939530, 0.084536514861610, -0.037287643969597, 0.384932688529807, -0.084357368308354, 0.996415301207180, 0.006354677985034, -0.046040306963809, 0.037691181327194, -0.003182008054269, 0.999284368773425, -0.121048467475991, 0.000000000000000, 0.000000000000000, 0.000000000000000, 1.000000000000000], "position_delta": 0.234012094420043}
{"transform": [0.996432336812952, 0.075385392844599, -0.037942597422234, 0.331170826523412, -0.074842621522614, 0.997074424975372, 0.015529747700935, -0.034832291892674, 0.039002309638059, -0.012634619333302, 0.999159239679642, -0.145324571092198, 0.000000000000000, 0.000000000000000, 0.000000000000000, 1.000000000000000], "position_delta": 0.256025706689380}
{"transform": [0.996432336812952, 0.075385392844599, -0.037942597422234, 0.331170826523412, -0.074842621522614, 0.997074424975372, 0.015529747700935, -0.034832291892674, 0.039002309638059, -0.012634619333302, 0.999159239679642, -0.145324571092198, 0.000000000000000, 0.000000000000000, 0.000000000000000, 1.000000000000000], "position_delta": 0.256025706689380}
{"transform": [0.996590554223592, 0.073569101793359, -0.037347750851061, 0.303626326273505, -0.072852168653314, 0.997137982324344, 0.020209050661647, -0.046335412113422, 0.038727622633253, -0.017419284355400, 0.999097963053535, -0.151962864380106, 0.000000000000000, 0.000000000000000, 0.000000000000000, 1.000000000000000], "position_delta": 0.288048505191300}
{"transform": [0.996051300120073, 0.080195633025077, -0.038085009817758, 0.279733899018803, -0.079279277880637, 0.996539086417067, 0.024992905828691, -0.004040184176690, 0.039957522794041, -0.021874864268017, 0.998961904521599, -0.178157319971176, 0.000000000000000, 0.000000000000000, 0.000000000000000, 1.000000000000000], "position_delta": 0.236728929289211}
{"transform": [0.994983482112503, 0.091027781250373, -0.041494738990781, 0.274137639349526, -0.090064158462843, 0.995633762410691, 0.024532804737987, 0.035669747933464, 0.043546729884789, -0.020672546736348, 0.998837488347216, -0.221854587303585, 0.000000000000000, 0.000000000000000, 0.000000000000000, 1.000000000000000], "position_delta": 0.227363618363655}
{"transform": [0.994983482112503, 0.091027781250373, -0.041494738990781, 0.274137639349526, -0.090064158462843, 0.995633762410691, 0.024532804737987, 0.035669747933464, 0.043546729884789, -0.020672546736348, 0.998837488347216, -0.221854587303585, 0.000000000000000, 0.000000000000000, 0.000000000000000, 1.000000000000000], "position_delta": 0.227363618363655}
{"transform": [0.994687725553750, 0.090660374154986, -0.048754745315564, 0.211095680002237, -0.089194153639281, 0.995517401128272, 0.031456430302604, -0.023216795912070, 0.051388049090035, -0.026940686867417, 0.998315314818836, -0.206471198067416, 0.000000000000000, 0.000000000000000, 0.000000000000000, 1.000000000000000], "position_delta": 0.188503604646494}
{"transform": [0.994687725553750, 0.090660374154986, -0.048754745315564, 0.211095680002237, -0.089194153639281, 0.995517401128272, 0.031456430302604, -0.023216795912070, 0.051388049090035, -0.026940686867417, 0.998315314818836, -0.206471198067416, 0.000000000000000, 0.000000000000000, 0.000000000000000, 1.000000000000000], "position_delta": 0.188503604646494}
{"transform": [0.994687725553750, 0.090660374154986, -0.048754745315564, 0.211095680002237, -0.089194153639281, 0.995517401128272, 0.031456430302604, -0.023216795912070, 0.051388049090035, -0.026940686867417, 0.998315314818836, -0.206471198067416, 0.000000000000000, 0.000000000000000, 0.000000000000000, 1.000000000000000], "position_delta": 0.188503604646494}
{"transform": [0.994687725553750, 0.090660374154986, -0.048754745315564, 0.211095680002237, -0.089194153639281, 0.995517401128272, 0.031456430302604, -0.023216795912070, 0.051388049090035, -0.026940686867417, 0.998315314818836, -0.206471198067416, 0.000000000000000, 0.000000000000000, 0.000000000000000, 1.000000000000000], "position_delta": 0.188503604646494}
{"transform": [0.994687725553750, 0.090660374154986, -0.048754745315564, 0.211095680002237, -0.089194153639281, 0.995517401128272, 0.031456430302604, -0.023216795912070, 0.051388049090035, -0.026940686867417, 0.998315314818836, -0.206471198067416, 0.000000000000000, 0.000000000000000, 0.000000000000000, 1.000000000000000], "position_delta": 0.188503604646494}
{"transform": [0.994687725553750, 0.090660374154986, -0.048754745315564, 0.211095680002237, -0.089194153639281, 0.995517401128272, 0.031456430302604, -0.023216795912070, 0.051388049090035, -0.026940686867417, 0.998315314818836, -0.206471198067416, 0.000000000000000, 0.000000000000000, 0.000000000000000, 1.000000000000000], "position_delta": 0.188503604646494}
{"transform": [0.994687725553750, 0.090660374154986, -0.048754745315564, 0.211095680002237, -0.089194153639281, 0.995517401128272, 0.031456430302604, -0.023216795912070, 0.051388049090035, -0.026940686867417, 0.998315314818836, -0.206471198067416, 0.000000000000000, 0.000000000000000, 0.000000000000000, 1.000000000000000], "position_delta": 0.188503604646494}
{"transform": [0.994025905195056, 0.094682155248925, -0.054293547301381, 0.260505626577190, -0.093392596535128, 0.995294454544227, 0.025821922196788, -0.035719238491243, 0.056482941792861, -0.020597044227960, 0.998191083438184, -0.173866555224114, 0.000000000000000, 0.000000000000000, 0.000000000000000, 1.000000000000000], "position_delta": 0.216177738495784}
{"transform": [0.994938550919765, 0.089111412050068, -0.046437443255644, 0.270867113710871, -0.087921313213846, 0.995759441897645, 0.027073539747186, -0.015247474992648, 0.048653083935459, -0.022853667411004, 0.998554248556099, -0.170499466692297, 0.000000000000000, 0.000000000000000, 0.000000000000000, 1.000000000000000], "position_delta": 0.189487883496629}
{"transform": [0.995421128987195, 0.083652508744256, -0.046249689151936, 0.270477280700698, -0.082435168765990, 0.996213253546299, 0.027633248256783, 0.007955505054950, 0.048386143846988, -0.023694118246736, 0.998547630233094, -0.151725994999964, 0.000000000000000, 0.000000000000000, 0.000000000000000, 1.000000000000000], "position_delta": 0.200044347443866}
{"transform": [0.995942599325096, 0.079730395046075, -0.041730120481110, 0.257683337787808, -0.078445905025111, 0.996418522351810, 0.031565302137431, 0.026213208293477, 0.044097378996517, -0.028163671991288, 0.998630176164132, -0.153880463404918, 0.000000000000000, 0.000000000000000, 0.000000000000000, 1.000000000000000], "position_delta": 0.198402132981041}
{"transform": [0.995540904741115, 0.088378471176397, -0.032978065737176, 0.305787793714364, -0.087514679114437, 0.995803223315169, 0.026779121991154, 0.078395760140440, 0.035206362020804, -0.023773646494442, 0.999097255428928, -0.154967778379238, 0.000000000000000, 0.000000000000000, 0.000000000000000, 1.000000000000000], "position_delta": 0.159477935875241}
{"transform": [0.994894868828995, 0.095908651065034, -0.031396347377095, 0.310010159129478, -0.094949714104621, 0.995007604353231, 0.030731402029450, 0.072626833767111, 0.034187011703107, -0.027593439983636, 0.999034459015644, -0.172474651698952, 0.000000000000000, 0.000000000000000, 0.000000000000000, 1.000000000000000], "position_delta": 0.086724247309501}
{"transform": [0.994287595608082, 0.098316213874586, -0.041546351335167, 0.350752945092725, -0.097161660995207, 0.994847325357914, 0.028955325259056, 0.050507558919959, 0.044179054455149, -0.024753208227862, 0.998716921770066, -0.201782141349274, 0.000000000000000, 0.000000000000000, 0.000000000000000, 1.000000000000000], "position_delta": 0.104198189668088}
{"transform": [0.994287595608082, 0.098316213874586, -0.041546351335167, 0.350752945092725, -0.097161660995207, 0.994847325357914, 0.028955325259056, 0.050507558919959, 0.044179054455149, -0.024753208227862, 0.998716921770066, -0.201782141349274, 0.000000000000000, 0.000000000000000, 0.000000000000000, 1.000000000000000], "position_delta": 0.104198189668088}
{"transform": [0.994287595608082, 0.098316213874586, -0.041546351335167, 0.350752945092725, -0.097161660995207, 0.994847325357914, 0.028955325259056, 0.050507558919959, 0.044179054455149, -0.024753208227862, 0.998716921770066, -0.201782141349274, 0.000000000000000, 0.000000000000000, 0.000000000000000, 1.000000000000000], "position_delta": 0.104198189668088}
{"transform": [0.994287595608082, 0.098316213874586, -0.041546351335167, 0.350752945092725, -0.097161660995207, 0.994847325357914, 0.028955325259056, 0.050507558919959, 0.044179054455149, -0.024753208227862, 0.998716921770066, -0.201782141349274, 0.000000000000000, 0.000000000000000, 0.000000000000000, 1.000000000000000], "position_delta": 0.104198189668088}
{"transform": [0.994287595608082, 0.098316213874586, -0.041546351335167, 0.350752945092725, -0.097161660995207, 0.994847325357914, 0.028955325259056, 0.050507558919959, 0.044179054455149, -0.024753208227862, 0.998716921770066, -0.201782141349274, 0.000000000000000, 0.000000000000000, 0.000000000000000, 1.000000000000000], "position_delta": 0.104198189668088}
{"transform": [0.994519294382386, 0.093576641412531, -0.046634593201946, 0.366486294915246, -0.092429414862254, 0.995374945719356, 0.026182450275150, -0.028254264770654, 0.048868971437730, -0.021728543810849, 0.998568822873255, -0.220283856493188, 0.000000000000000, 0.000000000000000, 0.000000000000000, 1.000000000000000], "position_delta": 0.156158851282703}
{"transform": [0.995298859942776, 0.083930700552322, -0.048330289688834, 0.328758348156003, -0.082985364353000, 0.996324207773818, 0.021248583648646, -0.013547038282603, 0.049936046097082, -0.017137984381783, 0.998605367896408, -0.284894866843763, 0.000000000000000, 0.000000000000000, 0.000000000000000, 1.000000000000000], "position_delta": 0.255130137525455}
{"transform": [0.996267279810139, 0.073808623770115, -0.044763760307512, 0.313957631612917, -0.073158348076848, 0.997192027659076, 0.015997377280257, -0.011412215196725, 0.045818809307680, -0.012662820789292, 0.998869505833112, -0.280508284514281, 0.000000000000000, 0.000000000000000, 0.000000000000000, 1.000000000000000], "position_delta": 0.303754870451245}
{"transform": [0.996267279810139, 0.073808623770115, -0.044763760307512, 0.313957631612917, -0.073158348076848, 0.997192027659076, 0.015997377280257, -0.011412215196725, 0.045818809307680, -0.012662820789292, 0.998869505833112, -0.280508284514281, 0.000000000000000, 0.000000000000000, 0.000000000000000, 1.000000000000000], "position_delta": 0.303754870451245}
{"transform": [0.996267279810139, 0.073808623770115, -0.044763760307512, 0.313957631612917, -0.073158348076848, 0.997192027659076, 0.015997377280257, -0.011412215196725, 0.045818809307680, -0.012662820789292, 0.998869505833112, -0.280508284514281, 0.000000000000000, 0.000000000000000, 0.000000000000000, 1.000000000000000], "position_delta": 0.303754870451245}
{"transform": [0.996579104647631, 0.069616998452722, -0.044537194637290, 0.323958883880103, -0.069169134077844, 0.997538418054744, 0.011521084834307, -0.017075663825463, 0.045229626028162, -0.008401073221426, 0.998941291016685, -0.250609264348775, 0.000000000000000, 0.000000000000000, 0.000000000000000, 1.000000000000000], "position_delta": 0.337988305608168}
{"transform": [0.996230612821114, 0.071988205226294, -0.048396946043774, 0.286517188272540, -0.071653471543833, 0.997392351825173, 0.008618383628518, -0.010909342818520, 0.048891165805124, -0.005118088407610, 0.998790998696558, -0.201646362120269, 0.000000000000000, 0.000000000000000, 0.000000000000000, 1.000000000000000], "position_delta": 0.328645208934631}
{"transform": [0.996230612821114, 0.071988205226294, -0.048396946043774, 0.286517188272540, -0.071653471543833, 0.997392351825173, 0.008618383628518, -0.010909342818520, 0.048891165805124, -0.005118088407610, 0.998790998696558, -0.201646362120269, 0.000000000000000, 0.000000000000000, 0.000000000000000, 1.000000000000000], "position_delta": 0.328645208934631}
{"transform": [0.996073898276657, 0.077155325778384, -0.043403281857200, 0.246517072519003, -0.076861336376965, 0.997006369267986, 0.008404439863282, 0.068702086960819, 0.043921795754398, -0.005035408930761, 0.999022282291345, -0.228537178699748, 0.000000000000000, 0.000000000000000, 0.000000000000000, 1.000000000000000], "position_delta": 0.328873458763947}
{"transform": [0.995931373158817, 0.078245548407705, -0.044702730480043, 0.255041592148882, -0.077872489339466, 0.996912878538534, 0.010029357311894, 0.070478445597608, 0.045349480284438, -0.006507438696782, 0.998949987676830, -0.192934412983747, 0.000000000000000, 0.000000000000000, 0.000000000000000, 1.000000000000000], "position_delta": 0.222360648617566}
{"transform": [0.995843503574473, 0.077634742772956, -0.047629435259038, 0.235273185310534, -0.076861228456267, 0.996881734086870, 0.017865044196666, 0.080109586247999, 0.048867862125443, -0.014129931299633, 0.998705300422881, -0.195649555239312, 0.000000000000000, 0.000000000000000, 0.000000000000000, 1.000000000000000], "position_delta": 0.174268676239636}
{"transform": [0.995843503574473, 0.077634742772956, -0.047629435259038, 0.235273185310534, -0.076861228456267, 0.996881734086870, 0.017865044196666, 0.080109586247999, 0.048867862125443, -0.014129931299633, 0.998705300422881, -0.195649555239312, 0.000000000000000, 0.000000000000000, 0.000000000000000, 1.000000000000000], "position_delta": 0.174268676239636}
{"transform": [0.995843503574473, 0.077634742772956, -0.047629435259038, 0.235273185310534, -0.076861228456267, 0.996881734086870, 0.017865044196666, 0.080109586247999, 0.048867862125443, -0.014129931299633, 0.998705300422881, -0.195649555239312, 0.000000000000000, 0.000000000000000, 0.000000000000000, 1.000000000000000], "position_delta": 0.174268676239636}
{"transform": [0.995843503574473, 0.077634742772956, -0.047629435259038, 0.235273185310534, -0.076861228456267, 0.996881734086870, 0.017865044196666, 0.080109586247999, 0.048867862125443, -0.014129931299633, 0.998705300422881, -0.195649555239312, 0.000000000000000, 0.000000000000000, 0.000000000000000, 1.000000000000000], "position_delta": 0.174268676239636}
{"transform": [0.996795946332165, 0.066056534073101, -0.045104053942107, 0.205780016393002, -0.065294596750397, 0.997700702585104, 0.018163801815515, 0.065881815416934, 0.046200184101001, -0.015160553005728, 0.998817150744617, -0.143152759567454, 0.000000000000000, 0.000000000000000, 0.000000000000000, 1.000000000000000], "position_delta": 0.221115681244939}
{"transform": [0.996795946332165, 0.066056534073101, -0.045104053942107, 0.205780016393002, -0.065294596750397, 0.997700702585104, 0.018163801815515, 0.065881815416934, 0.046200184101001, -0.015160553005728, 0.998817150744617, -0.143152759567454, 0.000000000000000, 0.000000000000000, 0.000000000000000, 1.000000000000000], "position_delta": 0.221115681244939}
{"transform": [0.996795946332165, 0.066056534073101, -0.045104053942107, 0.205780016393002, -0.065294596750397, 0.997700702585104, 0.018163801815515, 0.065881815416934, 0.046200184101001, -0.015160553005728, 0.998817150744617, -0.143152759567454, 0.000000000000000, 0.000000000000000, 0.000000000000000, 1.000000000000000], "position_delta": 0.221115681244939}
{"transform": [0.998148397314025, 0.049568275449525, -0.035252843976101, 0.222830014968771, -0.048864655052999, 0.998594006570318, 0.020548857106692, 0.088924976348107, 0.036221850118331, -0.018788190727151, 0.999167143906967, -0.126630969286033, 0.000000000000000, 0.000000000000000, 0.000000000000000, 1.000000000000000], "position_delta": 0.245773286338035}
{"transform": [0.998148397314025, 0.049568275449525, -0.035252843976101, 0.222830014968771, -0.048864655052999, 0.998594006570318, 0.020548857106692, 0.088924976348107, 0.036221850118331, -0.018788190727151, 0.999167143906967, -0.126630969286033, 0.000000000000000, 0.000000000000000, 0.000000000000000, 1.000000000000000], "position_delta": 0.245773286338035}
{"transform": [0.998148397314025, 0.049568275449525, -0.035252843976101, 0.222830014968771, -0.048864655052999, 0.998594006570318, 0.020548857106692, 0.088924976348107, 0.036221850118331, -0.018788190727151, 0.999167143906967, -0.126630969286033, 0.000000000000000, 0.000000000000000, 0.000000000000000, 1.000000000000000], "position_delta": 0.245773286338035}
{"transform": [0.999102672158900, 0.032328477085423, -0.027362749391866, 0.247364573713713, -0.031819076386685, 0.999315845294133, 0.018851729946366, 0.011912379949254, 0.027953476757696, -0.017964156351183, 0.999447793645945, -0.043064227644167, 0.000000000000000, 0.000000000000000, 0.000000000000000, 1.000000000000000], "position_delta": 0.264662509663621}
{"transform": [0.999717753548046, 0.017983401291168, -0.015524513481895, 0.243689051364240, -0.017732453495076, 0.999712267661950, 0.016153698624378, -0.096735205752532, 0.015810545022033, -0.015873851586904, 0.999748992248506, 0.029089273081875, 0.000000000000000, 0.000000000000000, 0.000000000000000, 1.000000000000000], "position_delta": 0.297709690001148}
{"transform": [0.999959802076781, 0.004858894939453, -0.007535606845603, 0.186596356430463, -0.004803742618592, 0.999961671507137, 0.007319806931021, -0.220463713586508, 0.007570884190005, -0.007283313574223, 0.999944816005344, 0.084452505245819, 0.000000000000000, 0.000000000000000, 0.000000000000000, 1.000000000000000], "position_delta": 0.325140630671531}
{"transform": [0.861319525817459, -0.084639079214109, -0.500963971474371, 0.205605515917784, -0.082185194396935, 0.949828975016009, -0.301778912520367, -0.343600980650766, 0.501372384827410, 0.301099891215233, 0.811150163189683, 0.040410815501056, 0.000000000000000, 0.000000000000000, 0.000000000000000, 1.000000000000000], "position_delta": 0.334711407611598}